0 5000 0 
1 4994 6 
2 4990 10 
3 4987 13 
4 4983 17 
5 4979 21 
6 4975 25 
7 4970 30 
8 4962 38 
9 4956 44 
10 4956 44 
11 4950 50 
12 4947 53 
13 4940 60 
14 4936 64 
15 4926 74 
16 4924 76 
17 4917 83 
18 4916 84 
19 4912 88 
20 4909 91 
21 4903 97 
22 4900 100 
23 4898 102 
24 4894 106 
25 4891 109 
26 4887 113 
27 4881 119 
28 4879 121 
29 4872 128 
30 4870 130 
31 4864 136 
32 4861 139 
33 4853 147 
34 4848 152 
35 4845 155 
36 4840 160 
37 4833 167 
38 4827 173 
39 4818 182 
40 4814 186 
41 4804 196 
42 4801 199 
43 4795 205 
44 4792 208 
45 4789 211 
46 4786 214 
47 4777 223 
48 4774 226 
49 4767 233 
50 4764 236 
51 4761 239 
52 4757 243 
53 4748 252 
54 4743 257 
55 4737 263 
56 4732 268 
57 4728 272 
58 4724 276 
59 4719 281 
60 4715 285 
61 4709 291 
62 4705 295 
63 4701 299 
64 4695 305 
65 4690 310 
66 4681 319 
67 4676 324 
68 4667 333 
69 4659 341 
70 4656 344 
71 4649 351 
72 4640 360 
73 4638 362 
74 4635 365 
75 4632 368 
76 4628 372 
77 4624 376 
78 4615 385 
79 4612 388 
80 4607 393 
81 4604 396 
82 4596 404 
83 4590 410 
84 4587 413 
85 4582 418 
86 4577 423 
87 4573 427 
88 4569 431 
89 4564 436 
90 4563 437 
91 4555 445 
92 4546 454 
93 4541 459 
94 4538 462 
95 4534 466 
96 4529 471 
97 4521 479 
98 4509 491 
99 4504 496 
100 4499 501 
101 4494 506 
102 4491 509 
103 4489 511 
104 4481 519 
105 4472 528 
106 4465 535 
107 4462 538 
108 4457 543 
109 4453 547 
110 4445 555 
111 4438 562 
112 4431 569 
113 4425 575 
114 4420 580 
115 4412 588 
116 4406 594 
117 4401 599 
118 4397 603 
119 4389 611 
120 4386 614 
121 4381 619 
122 4374 626 
123 4365 635 
124 4360 640 
125 4356 644 
126 4351 649 
127 4348 652 
128 4340 660 
129 4338 662 
130 4330 670 
131 4324 676 
132 4320 680 
133 4313 687 
134 4305 695 
135 4296 704 
136 4294 706 
137 4291 709 
138 4287 713 
139 4279 721 
140 4273 727 
141 4267 733 
142 4260 740 
143 4251 749 
144 4247 753 
145 4237 763 
146 4231 769 
147 4222 778 
148 4218 782 
149 4210 790 
150 4205 795 
151 4192 808 
152 4189 811 
153 4184 816 
154 4179 821 
155 4168 832 
156 4161 839 
157 4153 847 
158 4145 855 
159 4139 861 
160 4129 871 
161 4126 874 
162 4121 879 
163 4119 881 
164 4112 888 
165 4104 896 
166 4096 904 
167 4094 906 
168 4090 910 
169 4085 915 
170 4075 925 
171 4070 930 
172 4061 939 
173 4059 941 
174 4054 946 
175 4047 953 
176 4039 961 
177 4035 965 
178 4030 970 
179 4025 975 
180 4016 984 
181 4010 990 
182 3997 1003 
183 3994 1006 
184 3988 1012 
185 3984 1016 
186 3981 1019 
187 3973 1027 
188 3967 1033 
189 3958 1042 
190 3951 1049 
191 3945 1055 
192 3936 1064 
193 3928 1072 
194 3916 1084 
195 3910 1090 
196 3905 1095 
197 3899 1101 
198 3890 1110 
199 3887 1113 
200 3876 1124 
201 3870 1130 
202 3860 1140 
203 3853 1147 
204 3844 1156 
205 3840 1160 
206 3835 1165 
207 3832 1168 
208 3825 1175 
209 3814 1186 
210 3805 1195 
211 3805 1195 
212 3796 1204 
213 3789 1211 
214 3777 1223 
215 3771 1229 
216 3766 1234 
217 3758 1242 
218 3752 1248 
219 3744 1256 
220 3739 1261 
221 3733 1267 
222 3722 1278 
223 3716 1284 
224 3704 1296 
225 3694 1306 
226 3688 1312 
227 3678 1322 
228 3672 1328 
229 3670 1330 
230 3667 1333 
231 3659 1341 
232 3647 1353 
233 3642 1358 
234 3637 1363 
235 3627 1373 
236 3619 1381 
237 3613 1387 
238 3606 1394 
239 3600 1400 
240 3593 1407 
241 3585 1415 
242 3579 1421 
243 3575 1425 
244 3571 1429 
245 3562 1438 
246 3561 1439 
247 3551 1449 
248 3543 1457 
249 3536 1464 
250 3526 1474 
251 3519 1481 
252 3512 1488 
253 3509 1491 
254 3499 1501 
255 3498 1502 
256 3489 1511 
257 3483 1517 
258 3478 1522 
259 3473 1527 
260 3462 1538 
261 3459 1541 
262 3454 1546 
263 3453 1547 
264 3443 1557 
265 3440 1560 
266 3433 1567 
267 3432 1568 
268 3425 1575 
269 3422 1578 
270 3417 1583 
271 3411 1589 
272 3404 1596 
273 3398 1602 
274 3390 1610 
275 3386 1614 
276 3383 1617 
277 3379 1621 
278 3371 1629 
279 3371 1629 
280 3366 1634 
281 3364 1636 
282 3358 1642 
283 3354 1646 
284 3347 1653 
285 3338 1662 
286 3335 1665 
287 3329 1671 
288 3320 1680 
289 3317 1683 
290 3312 1688 
291 3308 1692 
292 3299 1701 
293 3297 1703 
294 3290 1710 
295 3280 1720 
296 3270 1730 
297 3266 1734 
298 3264 1736 
299 3262 1738 
300 3260 1740 
301 3252 1748 
302 3247 1753 
303 3239 1761 
304 3232 1768 
305 3230 1770 
306 3222 1778 
307 3218 1782 
308 3209 1791 
309 3205 1795 
310 3197 1803 
311 3195 1805 
312 3188 1812 
313 3181 1819 
314 3179 1821 
315 3172 1828 
316 3162 1838 
317 3154 1846 
318 3147 1853 
319 3144 1856 
320 3138 1862 
321 3135 1865 
322 3130 1870 
323 3126 1874 
324 3120 1880 
325 3117 1883 
326 3113 1887 
327 3108 1892 
328 3101 1899 
329 3099 1901 
330 3096 1904 
331 3092 1908 
332 3080 1920 
333 3077 1923 
334 3074 1926 
335 3069 1931 
336 3064 1936 
337 3059 1941 
338 3052 1948 
339 3051 1949 
340 3045 1955 
341 3042 1958 
342 3035 1965 
343 3031 1969 
344 3026 1974 
345 3024 1976 
346 3022 1978 
347 3020 1980 
348 3014 1986 
349 3013 1987 
350 3006 1994 
351 3003 1997 
352 2999 2001 
353 2997 2003 
354 2989 2011 
355 2990 2010 
356 2984 2016 
357 2985 2015 
358 2984 2016 
359 2981 2019 
360 2975 2025 
361 2968 2032 
362 2955 2045 
363 2956 2044 
364 2950 2050 
365 2949 2051 
366 2940 2060 
367 2938 2062 
368 2934 2066 
369 2927 2073 
370 2920 2080 
371 2914 2086 
372 2905 2095 
373 2900 2100 
374 2897 2103 
375 2896 2104 
376 2890 2110 
377 2891 2109 
378 2885 2115 
379 2884 2116 
380 2877 2123 
381 2877 2123 
382 2866 2134 
383 2867 2133 
384 2861 2139 
385 2861 2139 
386 2855 2145 
387 2856 2144 
388 2851 2149 
389 2851 2149 
390 2847 2153 
391 2850 2150 
392 2840 2160 
393 2837 2163 
394 2832 2168 
395 2835 2165 
396 2833 2167 
397 2834 2166 
398 2827 2173 
399 2828 2172 
400 2824 2176 
401 2824 2176 
402 2816 2184 
403 2815 2185 
404 2812 2188 
405 2809 2191 
406 2807 2193 
407 2802 2198 
408 2800 2200 
409 2795 2205 
410 2790 2210 
411 2788 2212 
412 2783 2217 
413 2780 2220 
414 2774 2226 
415 2774 2226 
416 2770 2230 
417 2766 2234 
418 2759 2241 
419 2755 2245 
420 2749 2251 
421 2745 2255 
422 2740 2260 
423 2739 2261 
424 2731 2269 
425 2731 2269 
426 2728 2272 
427 2726 2274 
428 2722 2278 
429 2722 2278 
