0 2000 0 
1 1998 2 
2 1998 2 
3 1997 3 
4 1997 3 
5 1997 3 
6 1996 4 
7 1995 5 
8 1994 6 
9 1992 8 
10 1992 8 
11 1992 8 
12 1990 10 
13 1990 10 
14 1989 11 
15 1988 12 
16 1986 14 
17 1984 16 
18 1984 16 
19 1984 16 
20 1984 16 
21 1982 18 
22 1982 18 
23 1982 18 
24 1982 18 
25 1981 19 
26 1981 19 
27 1980 20 
28 1977 23 
29 1976 24 
30 1973 27 
31 1972 28 
32 1972 28 
33 1970 30 
34 1968 32 
35 1968 32 
36 1967 33 
37 1964 36 
38 1962 38 
39 1960 40 
40 1958 42 
41 1957 43 
42 1957 43 
43 1957 43 
44 1957 43 
45 1954 46 
46 1954 46 
47 1953 47 
48 1952 48 
49 1951 49 
50 1950 50 
51 1948 52 
52 1947 53 
53 1947 53 
54 1947 53 
55 1946 54 
56 1945 55 
57 1943 57 
58 1943 57 
59 1940 60 
60 1936 64 
61 1936 64 
62 1935 65 
63 1933 67 
64 1932 68 
65 1931 69 
66 1931 69 
67 1931 69 
68 1927 73 
69 1926 74 
70 1926 74 
71 1926 74 
72 1925 75 
73 1925 75 
74 1925 75 
75 1924 76 
76 1922 78 
77 1922 78 
78 1922 78 
79 1922 78 
80 1920 80 
81 1919 81 
82 1918 82 
83 1917 83 
84 1917 83 
85 1917 83 
86 1915 85 
87 1914 86 
88 1914 86 
89 1914 86 
90 1910 90 
91 1910 90 
92 1909 91 
93 1905 95 
94 1903 97 
95 1903 97 
96 1901 99 
97 1901 99 
98 1900 100 
99 1900 100 
100 1899 101 
101 1899 101 
102 1896 104 
103 1894 106 
104 1892 108 
105 1891 109 
106 1890 110 
107 1890 110 
108 1889 111 
109 1887 113 
110 1887 113 
111 1885 115 
112 1883 117 
113 1883 117 
114 1880 120 
115 1879 121 
116 1877 123 
117 1876 124 
118 1875 125 
119 1875 125 
120 1873 127 
121 1871 129 
122 1870 130 
123 1870 130 
124 1868 132 
125 1868 132 
126 1867 133 
127 1867 133 
128 1867 133 
129 1864 136 
130 1864 136 
131 1863 137 
132 1863 137 
133 1860 140 
134 1860 140 
135 1859 141 
136 1857 143 
137 1855 145 
138 1853 147 
139 1852 148 
140 1850 150 
141 1849 151 
142 1848 152 
143 1846 154 
144 1845 155 
145 1844 156 
146 1840 160 
147 1839 161 
148 1839 161 
149 1838 162 
150 1835 165 
151 1834 166 
152 1831 169 
153 1830 170 
154 1830 170 
155 1827 173 
156 1827 173 
157 1827 173 
158 1824 176 
159 1824 176 
160 1822 178 
161 1821 179 
162 1820 180 
163 1819 181 
164 1818 182 
165 1817 183 
166 1816 184 
167 1814 186 
168 1813 187 
169 1812 188 
170 1811 189 
171 1810 190 
172 1809 191 
173 1805 195 
174 1803 197 
175 1803 197 
176 1802 198 
177 1802 198 
178 1802 198 
179 1800 200 
180 1800 200 
181 1799 201 
182 1799 201 
183 1799 201 
184 1799 201 
185 1798 202 
186 1798 202 
187 1797 203 
188 1794 206 
189 1792 208 
190 1791 209 
191 1787 213 
192 1785 215 
193 1785 215 
194 1784 216 
195 1782 218 
196 1782 218 
197 1781 219 
198 1779 221 
199 1778 222 
200 1778 222 
201 1778 222 
202 1777 223 
203 1775 225 
204 1773 227 
205 1769 231 
206 1768 232 
207 1766 234 
208 1766 234 
209 1764 236 
210 1763 237 
211 1763 237 
212 1763 237 
213 1763 237 
214 1763 237 
215 1763 237 
216 1763 237 
217 1760 240 
218 1758 242 
219 1757 243 
220 1757 243 
221 1757 243 
222 1754 246 
223 1754 246 
224 1754 246 
225 1752 248 
226 1750 250 
227 1748 252 
228 1748 252 
229 1747 253 
230 1744 256 
231 1742 258 
232 1740 260 
233 1738 262 
234 1738 262 
235 1737 263 
236 1736 264 
237 1735 265 
238 1733 267 
239 1733 267 
240 1733 267 
241 1732 268 
242 1732 268 
243 1730 270 
244 1729 271 
245 1727 273 
246 1725 275 
247 1723 277 
248 1722 278 
249 1720 280 
250 1719 281 
251 1718 282 
252 1718 282 
253 1716 284 
254 1715 285 
255 1714 286 
256 1712 288 
257 1710 290 
258 1708 292 
259 1706 294 
260 1706 294 
261 1705 295 
262 1704 296 
263 1702 298 
264 1701 299 
265 1699 301 
266 1698 302 
267 1695 305 
268 1693 307 
269 1690 310 
270 1688 312 
271 1686 314 
272 1685 315 
273 1684 316 
274 1683 317 
275 1680 320 
276 1678 322 
277 1677 323 
278 1675 325 
279 1674 326 
280 1673 327 
281 1673 327 
282 1670 330 
283 1670 330 
284 1670 330 
285 1670 330 
286 1669 331 
287 1667 333 
288 1666 334 
289 1665 335 
290 1663 337 
291 1663 337 
292 1661 339 
293 1660 340 
294 1658 342 
295 1657 343 
296 1657 343 
297 1657 343 
298 1655 345 
299 1651 349 
300 1648 352 
301 1648 352 
302 1648 352 
303 1646 354 
304 1645 355 
305 1645 355 
306 1645 355 
307 1644 356 
308 1643 357 
309 1643 357 
310 1642 358 
311 1638 362 
312 1637 363 
313 1636 364 
314 1636 364 
315 1634 366 
316 1635 365 
317 1634 366 
318 1632 368 
319 1630 370 
320 1627 373 
321 1626 374 
322 1623 377 
323 1621 379 
324 1617 383 
325 1616 384 
326 1615 385 
327 1614 386 
328 1613 387 
329 1612 388 
330 1611 389 
331 1610 390 
332 1609 391 
333 1608 392 
334 1607 393 
335 1605 395 
336 1605 395 
337 1605 395 
338 1605 395 
339 1605 395 
340 1605 395 
341 1604 396 
342 1603 397 
343 1602 398 
344 1601 399 
345 1596 404 
346 1595 405 
347 1595 405 
348 1594 406 
349 1592 408 
350 1590 410 
351 1589 411 
352 1589 411 
353 1589 411 
354 1588 412 
355 1587 413 
356 1587 413 
357 1588 412 
358 1586 414 
359 1585 415 
360 1582 418 
361 1581 419 
362 1581 419 
363 1580 420 
364 1579 421 
365 1579 421 
366 1579 421 
367 1579 421 
368 1579 421 
369 1577 423 
370 1577 423 
371 1577 423 
372 1576 424 
373 1575 425 
374 1575 425 
375 1575 425 
376 1574 426 
377 1573 427 
378 1573 427 
379 1572 428 
380 1571 429 
381 1571 429 
382 1568 432 
383 1568 432 
384 1566 434 
385 1565 435 
386 1565 435 
387 1566 434 
388 1565 435 
389 1562 438 
390 1561 439 
391 1559 441 
392 1557 443 
393 1554 446 
394 1554 446 
395 1553 447 
396 1550 450 
397 1550 450 
398 1548 452 
399 1546 454 
400 1545 455 
401 1543 457 
402 1542 458 
403 1542 458 
404 1542 458 
405 1541 459 
406 1540 460 
407 1539 461 
408 1539 461 
409 1540 460 
410 1540 460 
411 1540 460 
412 1539 461 
413 1538 462 
414 1534 466 
415 1533 467 
416 1532 468 
417 1531 469 
418 1530 470 
419 1530 470 
420 1530 470 
421 1526 474 
422 1525 475 
423 1525 475 
424 1523 477 
425 1523 477 
426 1522 478 
427 1520 480 
428 1520 480 
429 1520 480 
430 1519 481 
431 1518 482 
432 1518 482 
433 1518 482 
434 1517 483 
435 1517 483 
436 1517 483 
437 1516 484 
438 1515 485 
439 1517 483 
440 1515 485 
441 1516 484 
442 1514 486 
443 1514 486 
444 1512 488 
445 1512 488 
446 1510 490 
447 1510 490 
448 1509 491 
449 1510 490 
450 1509 491 
451 1510 490 
452 1510 490 
453 1512 488 
454 1512 488 
455 1509 491 
456 1507 493 
457 1506 494 
458 1503 497 
459 1501 499 
460 1501 499 
461 1500 500 
462 1500 500 
463 1500 500 
464 1500 500 
465 1499 501 
466 1498 502 
467 1497 503 
468 1497 503 
469 1497 503 
470 1496 504 
471 1493 507 
472 1492 508 
473 1490 510 
474 1488 512 
475 1488 512 
476 1488 512 
477 1488 512 
478 1487 513 
479 1487 513 
480 1485 515 
481 1483 517 
482 1483 517 
483 1483 517 
484 1482 518 
485 1482 518 
486 1480 520 
487 1480 520 
488 1477 523 
489 1476 524 
490 1475 525 
491 1473 527 
492 1472 528 
493 1470 530 
494 1470 530 
495 1468 532 
496 1468 532 
497 1468 532 
498 1468 532 
499 1468 532 
500 1468 532 
501 1466 534 
502 1465 535 
503 1466 534 
504 1464 536 
505 1464 536 
506 1464 536 
507 1465 535 
508 1465 535 
509 1464 536 
510 1463 537 
511 1462 538 
512 1461 539 
513 1459 541 
514 1459 541 
515 1459 541 
516 1459 541 
517 1458 542 
518 1457 543 
519 1456 544 
520 1456 544 
521 1456 544 
522 1456 544 
523 1456 544 
524 1456 544 
525 1456 544 
526 1456 544 
527 1454 546 
528 1454 546 
529 1454 546 
530 1455 545 
531 1454 546 
532 1453 547 
533 1453 547 
534 1453 547 
535 1452 548 
536 1451 549 
537 1450 550 
538 1448 552 
539 1448 552 
540 1447 553 
541 1447 553 
542 1446 554 
543 1444 556 
544 1443 557 
545 1443 557 
546 1443 557 
547 1443 557 
548 1441 559 
549 1440 560 
550 1438 562 
551 1438 562 
552 1438 562 
553 1436 564 
554 1435 565 
555 1435 565 
556 1435 565 
557 1435 565 
558 1434 566 
559 1433 567 
560 1431 569 
561 1431 569 
562 1429 571 
563 1429 571 
564 1428 572 
565 1427 573 
566 1424 576 
567 1423 577 
568 1420 580 
569 1420 580 
570 1419 581 
571 1418 582 
572 1417 583 
573 1416 584 
574 1416 584 
575 1415 585 
576 1415 585 
577 1414 586 
578 1414 586 
579 1413 587 
580 1413 587 
581 1413 587 
582 1413 587 
583 1410 590 
584 1411 589 
585 1410 590 
586 1410 590 
587 1410 590 
588 1410 590 
589 1410 590 
590 1409 591 
591 1409 591 
592 1410 590 
593 1410 590 
594 1410 590 
595 1408 592 
596 1407 593 
597 1406 594 
598 1404 596 
599 1404 596 
600 1403 597 
601 1404 596 
602 1404 596 
603 1403 597 
604 1402 598 
605 1402 598 
606 1401 599 
607 1401 599 
608 1400 600 
609 1400 600 
610 1397 603 
611 1397 603 
612 1397 603 
613 1397 603 
614 1396 604 
615 1394 606 
616 1394 606 
617 1393 607 
618 1393 607 
619 1392 608 
620 1394 606 
621 1392 608 
622 1393 607 
623 1392 608 
624 1391 609 
625 1390 610 
626 1390 610 
627 1387 613 
628 1386 614 
629 1385 615 
630 1388 612 
631 1385 615 
632 1386 614 
633 1386 614 
634 1386 614 
635 1383 617 
636 1384 616 
637 1383 617 
638 1384 616 
639 1383 617 
640 1383 617 
641 1382 618 
642 1384 616 
643 1383 617 
644 1385 615 
645 1384 616 
646 1385 615 
647 1384 616 
648 1386 614 
649 1384 616 
650 1386 614 
651 1385 615 
652 1386 614 
653 1385 615 
654 1386 614 
655 1384 616 
656 1385 615 
657 1386 614 
658 1387 613 
659 1386 614 
660 1388 612 
661 1387 613 
662 1388 612 
663 1387 613 
664 1387 613 
665 1385 615 
666 1382 618 
667 1379 621 
668 1380 620 
669 1378 622 
670 1380 620 
671 1378 622 
672 1379 621 
673 1379 621 
674 1380 620 
675 1375 625 
676 1376 624 
677 1374 626 
678 1375 625 
679 1373 627 
680 1374 626 
681 1373 627 
682 1373 627 
683 1372 628 
684 1373 627 
685 1372 628 
686 1373 627 
687 1371 629 
688 1372 628 
689 1370 630 
690 1370 630 
691 1369 631 
692 1369 631 
693 1368 632 
694 1368 632 
695 1365 635 
696 1366 634 
697 1365 635 
698 1365 635 
699 1365 635 
700 1365 635 
701 1364 636 
702 1364 636 
703 1361 639 
704 1362 638 
705 1361 639 
706 1362 638 
707 1360 640 
708 1360 640 
709 1359 641 
710 1360 640 
711 1358 642 
712 1359 641 
713 1356 644 
714 1355 645 
715 1354 646 
716 1355 645 
717 1355 645 
718 1356 644 
719 1354 646 
720 1356 644 
721 1354 646 
722 1356 644 
723 1354 646 
724 1355 645 
725 1354 646 
726 1353 647 
727 1350 650 
728 1349 651 
729 1347 653 
730 1347 653 
731 1347 653 
732 1348 652 
733 1347 653 
734 1346 654 
735 1345 655 
736 1347 653 
737 1345 655 
738 1346 654 
739 1344 656 
740 1346 654 
741 1344 656 
742 1343 657 
743 1340 660 
744 1341 659 
745 1338 662 
746 1339 661 
747 1336 664 
748 1337 663 
749 1335 665 
750 1337 663 
751 1334 666 
752 1336 664 
753 1334 666 
754 1336 664 
755 1334 666 
756 1335 665 
757 1332 668 
758 1333 667 
759 1331 669 
760 1330 670 
761 1328 672 
762 1331 669 
763 1329 671 
764 1330 670 
765 1328 672 
766 1329 671 
767 1327 673 
768 1330 670 
769 1325 675 
770 1327 673 
771 1321 679 
772 1323 677 
773 1319 681 
774 1322 678 
775 1318 682 
776 1321 679 
777 1316 684 
778 1319 681 
779 1315 685 
780 1318 682 
781 1314 686 
782 1318 682 
783 1315 685 
784 1318 682 
785 1315 685 
786 1318 682 
787 1314 686 
788 1316 684 
789 1313 687 
790 1316 684 
791 1312 688 
792 1315 685 
793 1311 689 
794 1314 686 
795 1311 689 
796 1314 686 
797 1311 689 
798 1314 686 
799 1311 689 
800 1314 686 
801 1309 691 
802 1311 689 
803 1308 692 
804 1309 691 
805 1306 694 
806 1306 694 
807 1303 697 
808 1305 695 
809 1303 697 
810 1305 695 
811 1302 698 
812 1304 696 
813 1300 700 
814 1300 700 
815 1299 701 
816 1302 698 
817 1299 701 
818 1302 698 
819 1299 701 
820 1300 700 
821 1298 702 
822 1301 699 
823 1299 701 
824 1300 700 
825 1298 702 
826 1297 703 
827 1292 708 
828 1293 707 
829 1290 710 
830 1292 708 
831 1290 710 
832 1293 707 
833 1290 710 
834 1292 708 
835 1290 710 
836 1293 707 
837 1291 709 
838 1293 707 
839 1291 709 
840 1292 708 
841 1290 710 
842 1292 708 
843 1290 710 
844 1292 708 
845 1290 710 
846 1293 707 
847 1292 708 
848 1294 706 
849 1291 709 
850 1291 709 
851 1288 712 
852 1290 710 
853 1289 711 
854 1290 710 
855 1288 712 
856 1289 711 
857 1286 714 
858 1288 712 
859 1287 713 
860 1287 713 
861 1285 715 
862 1287 713 
863 1285 715 
864 1286 714 
865 1283 717 
866 1283 717 
867 1281 719 
868 1283 717 
869 1280 720 
870 1281 719 
871 1279 721 
872 1281 719 
873 1277 723 
874 1278 722 
875 1274 726 
876 1276 724 
877 1274 726 
878 1276 724 
879 1272 728 
880 1273 727 
881 1271 729 
882 1271 729 
883 1269 731 
884 1271 729 
885 1269 731 
886 1271 729 
887 1268 732 
888 1268 732 
889 1266 734 
890 1268 732 
891 1266 734 
892 1267 733 
893 1264 736 
894 1266 734 
895 1264 736 
896 1264 736 
897 1262 738 
898 1261 739 
899 1258 742 
900 1259 741 
901 1255 745 
902 1258 742 
903 1258 742 
904 1260 740 
905 1257 743 
906 1259 741 
907 1257 743 
908 1261 739 
909 1257 743 
910 1260 740 
911 1257 743 
912 1258 742 
913 1254 746 
914 1255 745 
915 1255 745 
916 1255 745 
917 1254 746 
918 1256 744 
919 1255 745 
920 1256 744 
921 1255 745 
922 1256 744 
923 1255 745 
924 1254 746 
925 1253 747 
926 1255 745 
927 1253 747 
928 1254 746 
929 1252 748 
930 1254 746 
931 1255 745 
932 1254 746 
933 1253 747 
934 1254 746 
935 1256 744 
936 1256 744 
937 1255 745 
938 1255 745 
939 1255 745 
940 1255 745 
941 1255 745 
942 1254 746 
943 1255 745 
944 1254 746 
945 1254 746 
946 1253 747 
947 1253 747 
948 1253 747 
949 1254 746 
950 1254 746 
951 1254 746 
952 1255 745 
953 1256 744 
954 1256 744 
955 1255 745 
956 1254 746 
957 1253 747 
958 1252 748 
959 1252 748 
960 1253 747 
961 1253 747 
962 1252 748 
963 1252 748 
964 1250 750 
965 1249 751 
966 1249 751 
967 1249 751 
968 1249 751 
969 1250 750 
970 1250 750 
971 1251 749 
972 1251 749 
973 1251 749 
974 1250 750 
975 1251 749 
976 1251 749 
977 1251 749 
978 1251 749 
979 1253 747 
980 1252 748 
981 1250 750 
982 1251 749 
983 1250 750 
984 1249 751 
985 1245 755 
986 1245 755 
987 1244 756 
988 1245 755 
989 1244 756 
990 1244 756 
991 1242 758 
992 1243 757 
993 1242 758 
994 1243 757 
995 1241 759 
996 1242 758 
997 1242 758 
998 1242 758 
999 1241 759 
1000 1242 758 
1001 1240 760 
1002 1240 760 
1003 1239 761 
1004 1239 761 
1005 1237 763 
1006 1239 761 
1007 1237 763 
1008 1237 763 
1009 1235 765 
1010 1236 764 
1011 1236 764 
1012 1237 763 
1013 1237 763 
1014 1237 763 
1015 1235 765 
1016 1236 764 
1017 1234 766 
1018 1237 763 
1019 1235 765 
1020 1237 763 
1021 1234 766 
1022 1239 761 
1023 1238 762 
1024 1239 761 
1025 1234 766 
1026 1236 764 
1027 1234 766 
1028 1237 763 
1029 1233 767 
1030 1236 764 
1031 1233 767 
1032 1235 765 
1033 1232 768 
1034 1233 767 
1035 1230 770 
1036 1233 767 
1037 1230 770 
1038 1233 767 
1039 1231 769 
1040 1234 766 
1041 1232 768 
1042 1235 765 
1043 1228 772 
1044 1232 768 
1045 1229 771 
1046 1231 769 
1047 1227 773 
1048 1230 770 
1049 1227 773 
1050 1230 770 
1051 1227 773 
1052 1229 771 
1053 1226 774 
1054 1228 772 
1055 1225 775 
1056 1226 774 
1057 1225 775 
1058 1227 773 
1059 1224 776 
1060 1227 773 
1061 1225 775 
1062 1226 774 
1063 1224 776 
1064 1225 775 
1065 1224 776 
1066 1226 774 
1067 1224 776 
1068 1227 773 
1069 1225 775 
1070 1227 773 
1071 1227 773 
1072 1229 771 
1073 1228 772 
1074 1230 770 
1075 1228 772 
1076 1227 773 
1077 1225 775 
1078 1227 773 
1079 1225 775 
1080 1227 773 
1081 1225 775 
1082 1225 775 
1083 1223 777 
1084 1225 775 
1085 1223 777 
1086 1225 775 
1087 1223 777 
1088 1225 775 
1089 1223 777 
1090 1224 776 
1091 1221 779 
1092 1223 777 
1093 1221 779 
1094 1224 776 
1095 1222 778 
1096 1224 776 
1097 1222 778 
1098 1224 776 
1099 1221 779 
1100 1223 777 
1101 1220 780 
1102 1222 778 
1103 1217 783 
1104 1220 780 
1105 1217 783 
1106 1219 781 
1107 1217 783 
1108 1218 782 
1109 1214 786 
1110 1217 783 
1111 1215 785 
1112 1219 781 
1113 1216 784 
1114 1219 781 
1115 1216 784 
1116 1219 781 
1117 1214 786 
1118 1217 783 
1119 1215 785 
1120 1216 784 
1121 1213 787 
1122 1216 784 
1123 1215 785 
1124 1218 782 
1125 1215 785 
1126 1218 782 
1127 1214 786 
1128 1215 785 
1129 1213 787 
1130 1215 785 
1131 1213 787 
1132 1216 784 
1133 1214 786 
1134 1215 785 
1135 1214 786 
1136 1216 784 
1137 1212 788 
1138 1215 785 
1139 1213 787 
1140 1215 785 
1141 1214 786 
1142 1215 785 
1143 1214 786 
1144 1215 785 
1145 1213 787 
1146 1214 786 
1147 1212 788 
1148 1213 787 
1149 1212 788 
1150 1211 789 
1151 1210 790 
1152 1211 789 
1153 1209 791 
1154 1207 793 
1155 1206 794 
1156 1208 792 
1157 1209 791 
1158 1209 791 
1159 1208 792 
1160 1208 792 
1161 1207 793 
1162 1206 794 
1163 1206 794 
1164 1206 794 
1165 1205 795 
1166 1205 795 
1167 1204 796 
1168 1202 798 
1169 1201 799 
1170 1202 798 
1171 1201 799 
1172 1201 799 
1173 1201 799 
1174 1200 800 
1175 1201 799 
1176 1198 802 
1177 1197 803 
1178 1195 805 
1179 1196 804 
1180 1196 804 
1181 1197 803 
1182 1195 805 
1183 1197 803 
1184 1198 802 
1185 1198 802 
1186 1197 803 
1187 1198 802 
1188 1197 803 
1189 1198 802 
1190 1196 804 
1191 1198 802 
1192 1198 802 
1193 1198 802 
1194 1195 805 
1195 1198 802 
1196 1196 804 
1197 1198 802 
1198 1197 803 
1199 1199 801 
1200 1196 804 
1201 1197 803 
1202 1194 806 
1203 1195 805 
1204 1192 808 
1205 1195 805 
1206 1192 808 
1207 1196 804 
1208 1193 807 
1209 1196 804 
1210 1193 807 
1211 1196 804 
1212 1193 807 
1213 1194 806 
1214 1190 810 
1215 1195 805 
1216 1192 808 
1217 1195 805 
1218 1193 807 
1219 1196 804 
1220 1193 807 
1221 1195 805 
1222 1192 808 
1223 1195 805 
1224 1190 810 
1225 1193 807 
1226 1191 809 
1227 1193 807 
1228 1188 812 
1229 1193 807 
1230 1189 811 
1231 1193 807 
1232 1190 810 
1233 1193 807 
1234 1189 811 
1235 1192 808 
1236 1191 809 
1237 1193 807 
1238 1191 809 
1239 1192 808 
1240 1190 810 
1241 1192 808 
1242 1190 810 
1243 1190 810 
1244 1189 811 
1245 1191 809 
1246 1189 811 
1247 1190 810 
1248 1187 813 
1249 1188 812 
1250 1187 813 
1251 1189 811 
1252 1187 813 
1253 1187 813 
1254 1185 815 
1255 1188 812 
1256 1185 815 
1257 1186 814 
1258 1183 817 
1259 1185 815 
1260 1182 818 
1261 1185 815 
1262 1182 818 
1263 1185 815 
1264 1182 818 
1265 1185 815 
1266 1182 818 
1267 1185 815 
1268 1181 819 
1269 1184 816 
1270 1181 819 
1271 1184 816 
1272 1181 819 
1273 1184 816 
1274 1181 819 
1275 1185 815 
1276 1182 818 
1277 1183 817 
1278 1180 820 
1279 1183 817 
1280 1179 821 
1281 1180 820 
1282 1177 823 
1283 1180 820 
1284 1177 823 
1285 1180 820 
1286 1177 823 
1287 1181 819 
1288 1177 823 
1289 1180 820 
1290 1179 821 
1291 1181 819 
1292 1177 823 
1293 1181 819 
1294 1178 822 
1295 1181 819 
1296 1177 823 
1297 1177 823 
1298 1174 826 
1299 1177 823 
1300 1174 826 
1301 1179 821 
1302 1177 823 
1303 1180 820 
1304 1175 825 
1305 1178 822 
1306 1175 825 
1307 1180 820 
1308 1176 824 
1309 1180 820 
1310 1177 823 
1311 1180 820 
1312 1175 825 
1313 1179 821 
1314 1175 825 
1315 1180 820 
1316 1175 825 
1317 1179 821 
1318 1175 825 
1319 1180 820 
1320 1176 824 
1321 1178 822 
1322 1177 823 
1323 1179 821 
1324 1175 825 
1325 1179 821 
1326 1175 825 
1327 1178 822 
1328 1175 825 
1329 1178 822 
1330 1175 825 
1331 1177 823 
1332 1174 826 
1333 1178 822 
1334 1176 824 
1335 1179 821 
1336 1176 824 
1337 1178 822 
1338 1175 825 
1339 1178 822 
1340 1174 826 
1341 1178 822 
1342 1175 825 
1343 1178 822 
1344 1176 824 
1345 1179 821 
1346 1179 821 
1347 1182 818 
1348 1178 822 
1349 1179 821 
1350 1177 823 
1351 1180 820 
1352 1178 822 
1353 1179 821 
1354 1178 822 
1355 1178 822 
1356 1178 822 
1357 1177 823 
1358 1176 824 
1359 1177 823 
1360 1176 824 
1361 1177 823 
1362 1176 824 
1363 1176 824 
1364 1175 825 
1365 1176 824 
1366 1174 826 
1367 1175 825 
1368 1174 826 
1369 1175 825 
1370 1174 826 
1371 1178 822 
1372 1177 823 
1373 1178 822 
1374 1178 822 
1375 1178 822 
1376 1177 823 
1377 1179 821 
1378 1178 822 
1379 1179 821 
1380 1178 822 
1381 1179 821 
1382 1178 822 
1383 1177 823 
1384 1176 824 
1385 1176 824 
1386 1176 824 
1387 1175 825 
1388 1174 826 
1389 1175 825 
1390 1174 826 
1391 1175 825 
1392 1175 825 
1393 1176 824 
1394 1176 824 
1395 1175 825 
1396 1174 826 
1397 1174 826 
1398 1173 827 
1399 1174 826 
1400 1172 828 
1401 1173 827 
1402 1172 828 
1403 1173 827 
1404 1174 826 
1405 1176 824 
1406 1174 826 
1407 1175 825 
1408 1173 827 
1409 1174 826 
1410 1174 826 
1411 1174 826 
1412 1174 826 
1413 1173 827 
1414 1170 830 
1415 1172 828 
1416 1171 829 
1417 1172 828 
1418 1171 829 
1419 1173 827 
1420 1173 827 
1421 1174 826 
1422 1175 825 
1423 1174 826 
1424 1172 828 
1425 1173 827 
1426 1172 828 
1427 1173 827 
1428 1171 829 
1429 1172 828 
1430 1167 833 
1431 1167 833 
1432 1166 834 
1433 1165 835 
1434 1166 834 
1435 1166 834 
1436 1166 834 
1437 1166 834 
1438 1165 835 
1439 1165 835 
1440 1165 835 
1441 1165 835 
1442 1165 835 
1443 1165 835 
1444 1166 834 
1445 1166 834 
1446 1165 835 
1447 1165 835 
1448 1165 835 
1449 1165 835 
1450 1164 836 
1451 1163 837 
1452 1161 839 
1453 1161 839 
1454 1160 840 
1455 1159 841 
1456 1159 841 
1457 1159 841 
1458 1159 841 
1459 1160 840 
1460 1161 839 
1461 1159 841 
1462 1159 841 
1463 1158 842 
1464 1158 842 
1465 1157 843 
1466 1158 842 
1467 1158 842 
1468 1157 843 
1469 1157 843 
1470 1159 841 
1471 1161 839 
1472 1160 840 
1473 1160 840 
1474 1161 839 
1475 1160 840 
1476 1162 838 
1477 1161 839 
1478 1161 839 
1479 1160 840 
1480 1161 839 
1481 1160 840 
1482 1161 839 
1483 1160 840 
1484 1161 839 
1485 1159 841 
1486 1159 841 
1487 1158 842 
1488 1156 844 
1489 1155 845 
1490 1156 844 
1491 1155 845 
1492 1157 843 
1493 1154 846 
1494 1156 844 
1495 1154 846 
1496 1156 844 
1497 1154 846 
1498 1156 844 
1499 1154 846 
1500 1156 844 
1501 1154 846 
1502 1156 844 
1503 1154 846 
1504 1158 842 
1505 1156 844 
1506 1159 841 
1507 1156 844 
1508 1158 842 
1509 1156 844 
1510 1158 842 
1511 1156 844 
1512 1159 841 
1513 1158 842 
1514 1160 840 
1515 1157 843 
1516 1158 842 
1517 1155 845 
1518 1156 844 
1519 1154 846 
1520 1156 844 
1521 1153 847 
1522 1154 846 
1523 1151 849 
1524 1154 846 
1525 1152 848 
1526 1153 847 
1527 1151 849 
1528 1154 846 
1529 1152 848 
1530 1153 847 
1531 1152 848 
1532 1154 846 
1533 1154 846 
1534 1156 844 
1535 1155 845 
1536 1157 843 
1537 1156 844 
1538 1156 844 
1539 1155 845 
1540 1152 848 
1541 1151 849 
1542 1152 848 
1543 1151 849 
1544 1152 848 
1545 1150 850 
1546 1151 849 
1547 1149 851 
1548 1150 850 
1549 1149 851 
1550 1149 851 
1551 1149 851 
1552 1150 850 
1553 1149 851 
1554 1151 849 
1555 1151 849 
1556 1153 847 
1557 1151 849 
1558 1153 847 
1559 1152 848 
1560 1154 846 
1561 1150 850 
1562 1151 849 
1563 1149 851 
1564 1152 848 
1565 1152 848 
1566 1153 847 
1567 1151 849 
1568 1152 848 
1569 1150 850 
1570 1152 848 
1571 1149 851 
1572 1151 849 
1573 1149 851 
1574 1151 849 
1575 1149 851 
1576 1150 850 
1577 1147 853 
1578 1149 851 
1579 1149 851 
1580 1152 848 
1581 1150 850 
1582 1152 848 
1583 1151 849 
1584 1153 847 
1585 1150 850 
1586 1152 848 
1587 1150 850 
1588 1152 848 
1589 1149 851 
1590 1150 850 
1591 1148 852 
1592 1150 850 
1593 1149 851 
1594 1151 849 
1595 1149 851 
1596 1154 846 
1597 1152 848 
1598 1156 844 
1599 1151 849 
1600 1154 846 
1601 1151 849 
1602 1155 845 
1603 1152 848 
1604 1155 845 
1605 1153 847 
1606 1156 844 
1607 1153 847 
1608 1156 844 
1609 1153 847 
1610 1156 844 
1611 1153 847 
1612 1157 843 
1613 1154 846 
1614 1155 845 
1615 1152 848 
1616 1155 845 
1617 1154 846 
1618 1157 843 
1619 1154 846 
1620 1155 845 
1621 1152 848 
1622 1155 845 
1623 1151 849 
1624 1153 847 
1625 1150 850 
1626 1154 846 
1627 1151 849 
1628 1155 845 
1629 1151 849 
1630 1151 849 
1631 1148 852 
1632 1149 851 
1633 1146 854 
1634 1149 851 
1635 1146 854 
1636 1148 852 
1637 1145 855 
1638 1148 852 
1639 1146 854 
1640 1150 850 
1641 1147 853 
1642 1150 850 
1643 1148 852 
1644 1150 850 
1645 1147 853 
1646 1150 850 
1647 1145 855 
1648 1146 854 
1649 1144 856 
1650 1144 856 
1651 1142 858 
1652 1144 856 
1653 1143 857 
1654 1145 855 
1655 1143 857 
1656 1145 855 
1657 1144 856 
1658 1147 853 
1659 1146 854 
1660 1148 852 
1661 1145 855 
1662 1148 852 
1663 1146 854 
1664 1149 851 
1665 1147 853 
1666 1147 853 
1667 1145 855 
1668 1149 851 
1669 1147 853 
1670 1147 853 
1671 1145 855 
1672 1147 853 
1673 1146 854 
1674 1146 854 
1675 1145 855 
1676 1147 853 
1677 1146 854 
1678 1147 853 
1679 1146 854 
1680 1147 853 
1681 1146 854 
1682 1147 853 
1683 1147 853 
1684 1147 853 
1685 1145 855 
1686 1147 853 
1687 1149 851 
1688 1150 850 
1689 1149 851 
1690 1150 850 
1691 1149 851 
1692 1152 848 
1693 1149 851 
1694 1150 850 
1695 1150 850 
1696 1150 850 
1697 1150 850 
1698 1150 850 
1699 1150 850 
1700 1150 850 
1701 1150 850 
1702 1152 848 
1703 1151 849 
1704 1152 848 
1705 1151 849 
1706 1152 848 
1707 1151 849 
1708 1155 845 
1709 1154 846 
1710 1155 845 
1711 1154 846 
1712 1155 845 
1713 1154 846 
1714 1154 846 
1715 1153 847 
1716 1155 845 
1717 1154 846 
1718 1155 845 
1719 1154 846 
1720 1155 845 
1721 1152 848 
1722 1154 846 
1723 1151 849 
1724 1153 847 
1725 1152 848 
1726 1152 848 
1727 1152 848 
1728 1150 850 
1729 1150 850 
1730 1150 850 
1731 1150 850 
1732 1150 850 
1733 1151 849 
1734 1149 851 
1735 1149 851 
1736 1148 852 
1737 1148 852 
1738 1147 853 
1739 1148 852 
1740 1147 853 
1741 1146 854 
1742 1145 855 
1743 1147 853 
1744 1146 854 
1745 1147 853 
1746 1146 854 
1747 1147 853 
1748 1146 854 
1749 1147 853 
1750 1147 853 
1751 1148 852 
1752 1148 852 
1753 1149 851 
1754 1148 852 
1755 1148 852 
1756 1146 854 
1757 1148 852 
1758 1146 854 
1759 1146 854 
1760 1145 855 
1761 1146 854 
1762 1143 857 
1763 1144 856 
1764 1142 858 
1765 1142 858 
1766 1142 858 
1767 1142 858 
1768 1141 859 
1769 1142 858 
1770 1141 859 
1771 1143 857 
1772 1143 857 
1773 1145 855 
1774 1145 855 
1775 1146 854 
1776 1144 856 
1777 1146 854 
1778 1144 856 
1779 1146 854 
1780 1143 857 
1781 1144 856 
1782 1139 861 
1783 1141 859 
1784 1139 861 
1785 1142 858 
1786 1140 860 
1787 1143 857 
1788 1140 860 
1789 1140 860 
1790 1140 860 
1791 1142 858 
1792 1140 860 
1793 1142 858 
1794 1140 860 
1795 1141 859 
1796 1139 861 
1797 1140 860 
1798 1139 861 
1799 1141 859 
1800 1139 861 
1801 1141 859 
1802 1139 861 
1803 1140 860 
1804 1138 862 
1805 1140 860 
1806 1136 864 
1807 1137 863 
1808 1134 866 
1809 1136 864 
1810 1134 866 
1811 1136 864 
1812 1134 866 
1813 1136 864 
1814 1133 867 
1815 1137 863 
1816 1135 865 
1817 1137 863 
1818 1135 865 
1819 1136 864 
1820 1134 866 
1821 1138 862 
1822 1137 863 
1823 1140 860 
1824 1138 862 
1825 1140 860 
1826 1139 861 
1827 1139 861 
1828 1140 860 
1829 1141 859 
1830 1138 862 
1831 1138 862 
1832 1137 863 
1833 1138 862 
1834 1137 863 
1835 1138 862 
1836 1136 864 
1837 1138 862 
1838 1137 863 
1839 1138 862 
1840 1136 864 
1841 1139 861 
1842 1139 861 
1843 1141 859 
1844 1138 862 
1845 1138 862 
1846 1135 865 
1847 1136 864 
1848 1136 864 
1849 1138 862 
1850 1135 865 
1851 1138 862 
1852 1136 864 
1853 1139 861 
1854 1135 865 
1855 1137 863 
1856 1135 865 
1857 1136 864 
1858 1133 867 
1859 1135 865 
1860 1133 867 
1861 1134 866 
1862 1131 869 
1863 1133 867 
1864 1131 869 
1865 1133 867 
1866 1131 869 
1867 1133 867 
1868 1130 870 
1869 1132 868 
1870 1131 869 
1871 1134 866 
1872 1130 870 
1873 1132 868 
1874 1129 871 
1875 1131 869 
1876 1128 872 
1877 1130 870 
1878 1127 873 
1879 1130 870 
1880 1125 875 
1881 1128 872 
1882 1125 875 
1883 1128 872 
1884 1126 874 
1885 1130 870 
1886 1127 873 
1887 1130 870 
1888 1127 873 
1889 1130 870 
1890 1127 873 
1891 1130 870 
1892 1125 875 
1893 1129 871 
1894 1125 875 
1895 1129 871 
1896 1125 875 
1897 1127 873 
1898 1124 876 
1899 1127 873 
1900 1124 876 
1901 1126 874 
1902 1122 878 
1903 1124 876 
1904 1121 879 
1905 1124 876 
1906 1123 877 
1907 1125 875 
1908 1123 877 
1909 1125 875 
1910 1124 876 
1911 1124 876 
1912 1123 877 
1913 1125 875 
1914 1124 876 
1915 1125 875 
1916 1123 877 
1917 1124 876 
1918 1123 877 
1919 1124 876 
1920 1124 876 
1921 1126 874 
1922 1125 875 
1923 1126 874 
1924 1126 874 
1925 1128 872 
1926 1126 874 
1927 1127 873 
1928 1127 873 
1929 1129 871 
1930 1129 871 
1931 1130 870 
1932 1129 871 
1933 1129 871 
1934 1128 872 
1935 1129 871 
1936 1128 872 
1937 1129 871 
1938 1127 873 
1939 1127 873 
1940 1127 873 
1941 1128 872 
1942 1127 873 
1943 1128 872 
1944 1127 873 
1945 1128 872 
1946 1127 873 
1947 1128 872 
1948 1127 873 
1949 1128 872 
1950 1127 873 
1951 1128 872 
1952 1125 875 
1953 1125 875 
1954 1124 876 
1955 1125 875 
1956 1124 876 
1957 1124 876 
1958 1122 878 
1959 1123 877 
1960 1121 879 
1961 1122 878 
1962 1121 879 
1963 1121 879 
1964 1122 878 
1965 1122 878 
1966 1122 878 
1967 1122 878 
1968 1121 879 
1969 1121 879 
1970 1122 878 
1971 1123 877 
1972 1122 878 
1973 1126 874 
1974 1125 875 
1975 1127 873 
1976 1126 874 
1977 1129 871 
1978 1128 872 
1979 1128 872 
1980 1126 874 
1981 1126 874 
1982 1126 874 
1983 1127 873 
1984 1126 874 
1985 1126 874 
1986 1124 876 
1987 1124 876 
1988 1123 877 
1989 1124 876 
1990 1124 876 
1991 1126 874 
1992 1125 875 
1993 1126 874 
1994 1124 876 
1995 1124 876 
1996 1123 877 
1997 1123 877 
1998 1122 878 
1999 1122 878 
2000 1122 878 
2001 1121 879 
2002 1120 880 
2003 1121 879 
2004 1120 880 
2005 1121 879 
2006 1120 880 
2007 1121 879 
2008 1119 881 
2009 1117 883 
2010 1116 884 
2011 1118 882 
2012 1117 883 
2013 1115 885 
2014 1114 886 
2015 1114 886 
2016 1112 888 
2017 1112 888 
2018 1113 887 
2019 1113 887 
2020 1111 889 
2021 1110 890 
2022 1110 890 
2023 1110 890 
2024 1111 889 
2025 1110 890 
2026 1110 890 
2027 1110 890 
2028 1110 890 
2029 1108 892 
2030 1109 891 
2031 1109 891 
2032 1108 892 
2033 1108 892 
2034 1109 891 
2035 1109 891 
2036 1108 892 
2037 1108 892 
2038 1110 890 
2039 1112 888 
2040 1112 888 
2041 1111 889 
2042 1113 887 
2043 1113 887 
2044 1113 887 
2045 1113 887 
2046 1114 886 
2047 1113 887 
2048 1113 887 
2049 1111 889 
2050 1113 887 
2051 1111 889 
2052 1111 889 
2053 1108 892 
2054 1109 891 
2055 1110 890 
2056 1112 888 
2057 1111 889 
2058 1112 888 
2059 1110 890 
2060 1111 889 
2061 1110 890 
2062 1111 889 
2063 1111 889 
2064 1112 888 
2065 1110 890 
2066 1111 889 
2067 1110 890 
2068 1111 889 
2069 1108 892 
2070 1108 892 
2071 1107 893 
2072 1107 893 
2073 1106 894 
2074 1107 893 
2075 1108 892 
2076 1109 891 
2077 1107 893 
2078 1108 892 
2079 1106 894 
2080 1108 892 
2081 1107 893 
2082 1108 892 
2083 1106 894 
2084 1105 895 
2085 1103 897 
2086 1104 896 
2087 1105 895 
2088 1105 895 
2089 1105 895 
2090 1105 895 
2091 1105 895 
2092 1105 895 
2093 1105 895 
2094 1105 895 
2095 1104 896 
2096 1102 898 
2097 1101 899 
2098 1101 899 
2099 1100 900 
2100 1100 900 
2101 1099 901 
2102 1099 901 
2103 1100 900 
2104 1102 898 
2105 1101 899 
2106 1102 898 
2107 1102 898 
2108 1102 898 
2109 1099 901 
2110 1100 900 
2111 1098 902 
2112 1099 901 
2113 1100 900 
2114 1100 900 
2115 1100 900 
2116 1100 900 
2117 1100 900 
2118 1100 900 
2119 1100 900 
2120 1100 900 
2121 1100 900 
2122 1100 900 
2123 1099 901 
2124 1099 901 
2125 1099 901 
2126 1099 901 
2127 1098 902 
2128 1099 901 
2129 1097 903 
2130 1095 905 
2131 1095 905 
2132 1094 906 
