0 2000 0 
1 1997 3 
2 1998 2 
3 1995 5 
4 1993 7 
5 1990 10 
6 1988 12 
7 1986 14 
8 1983 17 
9 1979 21 
10 1975 25 
11 1972 28 
12 1970 30 
13 1967 33 
14 1965 35 
15 1963 37 
16 1963 37 
17 1963 37 
18 1962 38 
19 1956 44 
20 1951 49 
21 1948 52 
22 1944 56 
23 1942 58 
24 1937 63 
25 1935 65 
26 1934 66 
27 1928 72 
28 1921 79 
29 1917 83 
30 1912 88 
31 1913 87 
32 1907 93 
33 1906 94 
34 1898 102 
35 1899 101 
36 1894 106 
37 1895 105 
38 1889 111 
39 1889 111 
40 1883 117 
41 1879 121 
42 1872 128 
43 1873 127 
44 1871 129 
45 1871 129 
46 1865 135 
47 1863 137 
48 1861 139 
49 1861 139 
50 1856 144 
51 1857 143 
52 1853 147 
53 1850 150 
54 1847 153 
55 1845 155 
56 1843 157 
57 1841 159 
58 1835 165 
59 1836 164 
60 1828 172 
61 1828 172 
62 1824 176 
63 1824 176 
64 1820 180 
65 1821 179 
66 1819 181 
67 1816 184 
68 1813 187 
69 1814 186 
70 1811 189 
71 1806 194 
72 1800 200 
73 1799 201 
74 1787 213 
75 1787 213 
76 1784 216 
77 1782 218 
78 1779 221 
79 1780 220 
80 1772 228 
81 1773 227 
82 1769 231 
83 1765 235 
84 1761 239 
85 1761 239 
86 1758 242 
87 1757 243 
88 1753 247 
89 1753 247 
90 1750 250 
91 1750 250 
92 1743 257 
93 1743 257 
94 1738 262 
95 1739 261 
96 1733 267 
97 1732 268 
98 1728 272 
99 1723 277 
100 1720 280 
101 1721 279 
102 1716 284 
103 1714 286 
104 1711 289 
105 1711 289 
106 1707 293 
107 1706 294 
108 1702 298 
109 1703 297 
110 1700 300 
111 1700 300 
112 1695 305 
113 1690 310 
114 1681 319 
115 1681 319 
116 1675 325 
117 1676 324 
118 1670 330 
119 1672 328 
120 1667 333 
121 1662 338 
122 1659 341 
123 1660 340 
124 1656 344 
125 1655 345 
126 1653 347 
127 1649 351 
128 1646 354 
129 1644 356 
130 1642 358 
131 1639 361 
132 1637 363 
133 1637 363 
134 1634 366 
135 1630 370 
136 1624 376 
137 1623 377 
138 1618 382 
139 1616 384 
140 1612 388 
141 1607 393 
142 1603 397 
143 1599 401 
144 1592 408 
145 1590 410 
146 1585 415 
147 1582 418 
148 1575 425 
149 1569 431 
150 1565 435 
151 1561 439 
152 1556 444 
153 1554 446 
154 1551 449 
155 1549 451 
156 1545 455 
157 1536 464 
158 1537 463 
159 1535 465 
160 1533 467 
161 1528 472 
162 1524 476 
163 1520 480 
164 1521 479 
165 1517 483 
166 1513 487 
167 1510 490 
168 1508 492 
169 1505 495 
170 1501 499 
171 1493 507 
172 1493 507 
173 1492 508 
174 1491 509 
175 1489 511 
176 1486 514 
177 1479 521 
178 1479 521 
179 1476 524 
180 1473 527 
181 1470 530 
182 1463 537 
183 1457 543 
184 1457 543 
185 1455 545 
186 1456 544 
187 1453 547 
188 1450 550 
189 1446 554 
190 1443 557 
191 1440 560 
192 1437 563 
193 1431 569 
194 1424 576 
195 1421 579 
196 1419 581 
197 1414 586 
198 1411 589 
199 1409 591 
200 1405 595 
201 1401 599 
202 1401 599 
203 1397 603 
204 1394 606 
205 1387 613 
206 1385 615 
207 1378 622 
208 1378 622 
209 1375 625 
210 1371 629 
211 1368 632 
212 1365 635 
213 1358 642 
214 1353 647 
215 1348 652 
216 1342 658 
217 1339 661 
218 1339 661 
219 1334 666 
220 1333 667 
221 1331 669 
222 1328 672 
223 1323 677 
224 1323 677 
225 1320 680 
226 1318 682 
227 1313 687 
228 1313 687 
229 1309 691 
230 1308 692 
231 1308 692 
232 1308 692 
233 1304 696 
234 1303 697 
235 1298 702 
236 1298 702 
237 1294 706 
238 1293 707 
239 1285 715 
240 1285 715 
241 1277 723 
242 1274 726 
243 1268 732 
244 1267 733 
245 1263 737 
246 1260 740 
247 1255 745 
248 1253 747 
249 1251 749 
250 1249 751 
251 1247 753 
252 1245 755 
253 1241 759 
254 1240 760 
255 1237 763 
256 1232 768 
257 1225 775 
258 1223 777 
259 1222 778 
260 1220 780 
261 1218 782 
262 1216 784 
263 1212 788 
264 1210 790 
265 1206 794 
266 1205 795 
267 1202 798 
268 1196 804 
269 1194 806 
270 1195 805 
271 1192 808 
272 1191 809 
273 1186 814 
274 1187 813 
275 1185 815 
276 1180 820 
277 1178 822 
278 1178 822 
279 1172 828 
280 1169 831 
281 1167 833 
282 1165 835 
283 1157 843 
284 1152 848 
285 1143 857 
286 1140 860 
287 1133 867 
288 1127 873 
289 1125 875 
290 1123 877 
291 1121 879 
292 1120 880 
293 1116 884 
294 1113 887 
295 1111 889 
296 1107 893 
297 1105 895 
298 1104 896 
299 1101 899 
300 1099 901 
301 1097 903 
302 1097 903 
303 1092 908 
304 1091 909 
305 1091 909 
306 1089 911 
307 1088 912 
308 1086 914 
309 1082 918 
