0 40000 0 
1 39955 45 
2 39933 67 
3 39906 94 
4 39878 122 
5 39849 151 
6 39808 192 
7 39766 234 
8 39722 278 
9 39684 316 
10 39648 352 
11 39605 395 
12 39572 428 
13 39533 467 
14 39498 502 
15 39451 549 
16 39418 582 
17 39386 614 
18 39354 646 
19 39335 665 
20 39293 707 
21 39260 740 
22 39222 778 
23 39197 803 
24 39161 839 
25 39129 871 
26 39088 912 
27 39048 952 
28 38997 1003 
29 38961 1039 
30 38914 1086 
31 38884 1116 
32 38834 1166 
33 38809 1191 
34 38766 1234 
35 38739 1261 
36 38692 1308 
37 38667 1333 
38 38623 1377 
39 38590 1410 
40 38540 1460 
41 38510 1490 
42 38460 1540 
43 38431 1569 
44 38371 1629 
45 38347 1653 
46 38305 1695 
47 38269 1731 
48 38219 1781 
49 38185 1815 
50 38132 1868 
51 38097 1903 
52 38049 1951 
53 38012 1988 
54 37964 2036 
55 37919 2081 
56 37865 2135 
57 37829 2171 
58 37775 2225 
59 37726 2274 
60 37677 2323 
61 37638 2362 
62 37593 2407 
63 37547 2453 
64 37492 2508 
65 37452 2548 
66 37406 2594 
67 37375 2625 
68 37324 2676 
69 37276 2724 
70 37224 2776 
71 37182 2818 
72 37123 2877 
73 37073 2927 
74 37026 2974 
75 36981 3019 
76 36925 3075 
77 36878 3122 
78 36828 3172 
79 36790 3210 
80 36739 3261 
81 36692 3308 
82 36633 3367 
83 36583 3417 
84 36534 3466 
85 36493 3507 
86 36435 3565 
87 36391 3609 
88 36335 3665 
89 36292 3708 
90 36235 3765 
91 36185 3815 
92 36116 3884 
93 36076 3924 
94 36023 3977 
95 35971 4029 
96 35904 4096 
97 35851 4149 
98 35799 4201 
99 35754 4246 
100 35706 4294 
101 35659 4341 
102 35609 4391 
103 35559 4441 
104 35504 4496 
105 35460 4540 
106 35394 4606 
107 35350 4650 
108 35297 4703 
109 35238 4762 
110 35182 4818 
111 35130 4870 
112 35067 4933 
113 35020 4980 
114 34971 5029 
115 34918 5082 
116 34861 5139 
117 34805 5195 
118 34745 5255 
119 34698 5302 
120 34637 5363 
121 34580 5420 
122 34511 5489 
123 34457 5543 
124 34390 5610 
125 34338 5662 
126 34276 5724 
127 34222 5778 
128 34169 5831 
129 34118 5882 
130 34055 5945 
131 34001 5999 
132 33946 6054 
133 33890 6110 
134 33829 6171 
135 33772 6228 
136 33712 6288 
137 33651 6349 
138 33591 6409 
139 33532 6468 
140 33478 6522 
141 33425 6575 
142 33372 6628 
143 33311 6689 
144 33252 6748 
145 33199 6801 
146 33145 6855 
147 33095 6905 
148 33038 6962 
149 32980 7020 
150 32922 7078 
151 32866 7134 
152 32807 7193 
153 32749 7251 
154 32682 7318 
155 32627 7373 
156 32573 7427 
157 32515 7485 
158 32457 7543 
159 32398 7602 
160 32350 7650 
161 32288 7712 
162 32235 7765 
163 32172 7828 
164 32113 7887 
165 32051 7949 
166 31992 8008 
167 31931 8069 
168 31883 8117 
169 31825 8175 
170 31764 8236 
171 31705 8295 
172 31653 8347 
173 31597 8403 
174 31527 8473 
175 31473 8527 
176 31410 8590 
177 31344 8656 
178 31286 8714 
179 31233 8767 
180 31181 8819 
181 31127 8873 
182 31067 8933 
183 31015 8985 
184 30955 9045 
185 30892 9108 
186 30830 9170 
187 30764 9236 
188 30705 9295 
189 30649 9351 
190 30599 9401 
191 30538 9462 
192 30485 9515 
193 30424 9576 
194 30376 9624 
195 30309 9691 
196 30250 9750 
197 30179 9821 
198 30115 9885 
199 30051 9949 
200 29994 10006 
201 29936 10064 
202 29883 10117 
203 29822 10178 
204 29755 10245 
205 29694 10306 
206 29629 10371 
207 29572 10428 
208 29511 10489 
209 29449 10551 
210 29382 10618 
211 29327 10673 
212 29259 10741 
213 29195 10805 
214 29137 10863 
215 29078 10922 
216 29021 10979 
217 28966 11034 
218 28906 11094 
219 28838 11162 
220 28776 11224 
221 28713 11287 
222 28644 11356 
223 28584 11416 
224 28521 11479 
225 28465 11535 
226 28406 11594 
227 28336 11664 
228 28270 11730 
229 28214 11786 
230 28152 11848 
231 28092 11908 
232 28036 11964 
233 27957 12043 
234 27907 12093 
235 27845 12155 
236 27790 12210 
237 27727 12273 
238 27677 12323 
239 27608 12392 
240 27556 12444 
241 27500 12500 
242 27450 12550 
243 27390 12610 
244 27345 12655 
245 27277 12723 
246 27231 12769 
247 27165 12835 
248 27114 12886 
249 27056 12944 
250 27001 12999 
251 26940 13060 
252 26892 13108 
253 26831 13169 
254 26787 13213 
255 26721 13279 
256 26668 13332 
257 26604 13396 
258 26559 13441 
259 26500 13500 
260 26456 13544 
261 26404 13596 
262 26358 13642 
263 26305 13695 
264 26260 13740 
265 26212 13788 
266 26166 13834 
267 26104 13896 
268 26064 13936 
269 26008 13992 
270 25963 14037 
271 25909 14091 
272 25860 14140 
273 25806 14194 
274 25763 14237 
275 25706 14294 
276 25657 14343 
277 25600 14400 
278 25560 14440 
279 25511 14489 
280 25469 14531 
281 25424 14576 
282 25381 14619 
283 25333 14667 
284 25288 14712 
285 25232 14768 
286 25185 14815 
287 25145 14855 
288 25105 14895 
289 25065 14935 
290 25024 14976 
291 24987 15013 
292 24945 15055 
293 24889 15111 
294 24853 15147 
295 24809 15191 
296 24768 15232 
297 24723 15277 
298 24679 15321 
299 24636 15364 
300 24592 15408 
301 24551 15449 
302 24500 15500 
303 24461 15539 
304 24430 15570 
305 24380 15620 
306 24350 15650 
307 24308 15692 
308 24271 15729 
309 24230 15770 
310 24182 15818 
311 24136 15864 
312 24092 15908 
313 24053 15947 
314 24011 15989 
315 23968 16032 
316 23923 16077 
317 23884 16116 
318 23837 16163 
319 23799 16201 
320 23751 16249 
321 23720 16280 
322 23673 16327 
323 23623 16377 
324 23584 16416 
325 23550 16450 
326 23507 16493 
327 23468 16532 
328 23424 16576 
329 23387 16613 
330 23350 16650 
331 23307 16693 
332 23273 16727 
333 23226 16774 
334 23189 16811 
335 23147 16853 
336 23108 16892 
337 23058 16942 
338 23018 16982 
339 22973 17027 
340 22934 17066 
341 22894 17106 
342 22858 17142 
343 22813 17187 
344 22779 17221 
345 22733 17267 
346 22688 17312 
347 22650 17350 
348 22613 17387 
349 22572 17428 
350 22530 17470 
351 22476 17524 
352 22443 17557 
353 22398 17602 
354 22365 17635 
355 22327 17673 
356 22289 17711 
357 22241 17759 
358 22210 17790 
359 22167 17833 
360 22137 17863 
361 22091 17909 
362 22068 17932 
363 22022 17978 
364 21992 18008 
365 21950 18050 
366 21920 18080 
367 21874 18126 
368 21848 18152 
369 21799 18201 
370 21780 18220 
371 21738 18262 
372 21716 18284 
373 21676 18324 
