0 2000 0 
1 1999 1 
2 1997 3 
3 1997 3 
4 1994 6 
5 1994 6 
6 1993 7 
7 1991 9 
8 1989 11 
9 1987 13 
10 1985 15 
11 1984 16 
12 1983 17 
13 1983 17 
14 1980 20 
15 1978 22 
16 1977 23 
17 1976 24 
18 1975 25 
19 1975 25 
20 1971 29 
21 1969 31 
22 1967 33 
23 1967 33 
24 1963 37 
25 1960 40 
26 1960 40 
27 1955 45 
28 1953 47 
29 1952 48 
30 1950 50 
31 1945 55 
32 1945 55 
33 1944 56 
34 1942 58 
35 1940 60 
36 1938 62 
37 1936 64 
38 1933 67 
39 1930 70 
40 1926 74 
41 1925 75 
42 1923 77 
43 1920 80 
44 1919 81 
45 1918 82 
46 1913 87 
47 1911 89 
48 1910 90 
49 1907 93 
50 1906 94 
51 1905 95 
52 1902 98 
53 1902 98 
54 1899 101 
55 1897 103 
56 1896 104 
57 1894 106 
58 1892 108 
59 1891 109 
60 1889 111 
61 1886 114 
62 1883 117 
63 1883 117 
64 1881 119 
65 1878 122 
66 1875 125 
67 1870 130 
68 1869 131 
69 1866 134 
70 1862 138 
71 1860 140 
72 1859 141 
73 1857 143 
74 1855 145 
75 1853 147 
76 1851 149 
77 1850 150 
78 1847 153 
79 1845 155 
80 1843 157 
81 1842 158 
82 1841 159 
83 1839 161 
84 1835 165 
85 1834 166 
86 1832 168 
87 1832 168 
88 1831 169 
89 1828 172 
90 1827 173 
91 1827 173 
92 1824 176 
93 1816 184 
94 1816 184 
95 1813 187 
96 1812 188 
97 1811 189 
98 1809 191 
99 1808 192 
100 1807 193 
101 1807 193 
102 1806 194 
103 1802 198 
104 1797 203 
105 1794 206 
106 1791 209 
107 1788 212 
108 1786 214 
109 1784 216 
110 1780 220 
111 1777 223 
112 1774 226 
113 1772 228 
114 1770 230 
115 1769 231 
116 1768 232 
117 1768 232 
118 1767 233 
119 1763 237 
120 1762 238 
121 1762 238 
122 1759 241 
123 1756 244 
124 1754 246 
125 1754 246 
126 1752 248 
127 1751 249 
128 1751 249 
129 1750 250 
130 1748 252 
131 1746 254 
132 1746 254 
133 1744 256 
134 1741 259 
135 1735 265 
136 1734 266 
137 1731 269 
138 1730 270 
139 1723 277 
140 1723 277 
141 1721 279 
142 1720 280 
143 1719 281 
144 1717 283 
145 1715 285 
146 1713 287 
147 1711 289 
148 1711 289 
149 1709 291 
150 1709 291 
151 1705 295 
152 1701 299 
153 1699 301 
154 1697 303 
155 1695 305 
156 1694 306 
157 1693 307 
158 1690 310 
159 1689 311 
160 1685 315 
161 1682 318 
162 1681 319 
163 1679 321 
164 1678 322 
165 1676 324 
166 1673 327 
167 1673 327 
168 1670 330 
169 1668 332 
170 1664 336 
171 1665 335 
172 1663 337 
173 1658 342 
174 1654 346 
175 1651 349 
176 1648 352 
177 1647 353 
178 1642 358 
179 1639 361 
180 1636 364 
181 1634 366 
182 1629 371 
183 1627 373 
184 1624 376 
185 1624 376 
186 1621 379 
187 1618 382 
188 1616 384 
189 1613 387 
190 1612 388 
191 1608 392 
192 1609 391 
193 1605 395 
194 1600 400 
195 1596 404 
196 1596 404 
197 1594 406 
198 1592 408 
199 1590 410 
200 1590 410 
201 1587 413 
202 1585 415 
203 1580 420 
204 1579 421 
205 1575 425 
206 1576 424 
207 1574 426 
208 1574 426 
209 1570 430 
210 1569 431 
211 1565 435 
212 1564 436 
213 1560 440 
214 1560 440 
215 1556 444 
216 1558 442 
217 1554 446 
218 1550 450 
219 1548 452 
220 1545 455 
221 1543 457 
222 1542 458 
223 1539 461 
224 1541 459 
225 1538 462 
226 1538 462 
227 1534 466 
228 1532 468 
229 1529 471 
230 1526 474 
231 1522 478 
232 1522 478 
233 1517 483 
234 1517 483 
235 1514 486 
236 1516 484 
237 1512 488 
238 1513 487 
239 1508 492 
240 1509 491 
241 1505 495 
242 1507 493 
243 1502 498 
244 1502 498 
245 1494 506 
246 1496 504 
247 1491 509 
248 1493 507 
249 1487 513 
250 1490 510 
251 1484 516 
252 1488 512 
253 1480 520 
254 1483 517 
255 1478 522 
256 1481 519 
257 1472 528 
258 1474 526 
259 1468 532 
260 1472 528 
261 1466 534 
262 1467 533 
263 1462 538 
264 1466 534 
265 1462 538 
266 1465 535 
267 1459 541 
268 1459 541 
269 1454 546 
270 1457 543 
271 1450 550 
272 1453 547 
273 1447 553 
274 1446 554 
275 1442 558 
276 1445 555 
277 1436 564 
278 1437 563 
279 1430 570 
280 1431 569 
281 1422 578 
282 1424 576 
283 1419 581 
284 1422 578 
285 1416 584 
286 1415 585 
287 1411 589 
288 1414 586 
289 1409 591 
290 1411 589 
291 1406 594 
292 1405 595 
293 1402 598 
294 1405 595 
295 1403 597 
296 1404 596 
297 1398 602 
298 1397 603 
299 1392 608 
300 1393 607 
301 1387 613 
302 1389 611 
303 1383 617 
304 1386 614 
305 1376 624 
306 1380 620 
307 1376 624 
308 1378 622 
309 1373 627 
310 1376 624 
311 1372 628 
312 1375 625 
313 1369 631 
314 1370 630 
315 1364 636 
316 1368 632 
317 1361 639 
318 1364 636 
319 1358 642 
320 1359 641 
321 1351 649 
322 1355 645 
323 1348 652 
324 1348 652 
325 1342 658 
326 1345 655 
327 1338 662 
328 1342 658 
329 1335 665 
330 1335 665 
331 1330 670 
332 1332 668 
333 1325 675 
334 1330 670 
335 1322 678 
336 1323 677 
337 1318 682 
338 1321 679 
339 1319 681 
340 1321 679 
341 1317 683 
342 1319 681 
343 1316 684 
344 1316 684 
345 1314 686 
346 1314 686 
347 1310 690 
348 1312 688 
349 1307 693 
350 1309 691 
351 1306 694 
352 1308 692 
353 1302 698 
354 1304 696 
355 1301 699 
356 1303 697 
357 1302 698 
358 1302 698 
359 1301 699 
360 1300 700 
361 1298 702 
362 1295 705 
363 1292 708 
364 1291 709 
365 1288 712 
366 1288 712 
367 1286 714 
368 1286 714 
369 1282 718 
370 1282 718 
371 1277 723 
372 1277 723 
373 1274 726 
374 1274 726 
375 1269 731 
376 1269 731 
377 1266 734 
378 1266 734 
379 1263 737 
380 1262 738 
381 1258 742 
382 1259 741 
383 1257 743 
384 1257 743 
385 1256 744 
386 1256 744 
387 1256 744 
388 1256 744 
389 1253 747 
390 1254 746 
391 1253 747 
392 1254 746 
393 1254 746 
394 1252 748 
395 1249 751 
396 1249 751 
397 1249 751 
398 1247 753 
399 1247 753 
400 1242 758 
401 1240 760 
402 1241 759 
403 1240 760 
404 1239 761 
405 1240 760 
406 1238 762 
407 1239 761 
408 1236 764 
409 1237 763 
410 1235 765 
411 1236 764 
412 1236 764 
413 1236 764 
414 1236 764 
415 1236 764 
416 1233 767 
417 1234 766 
418 1233 767 
419 1233 767 
420 1230 770 
421 1229 771 
422 1228 772 
423 1228 772 
424 1226 774 
425 1227 773 
426 1224 776 
427 1224 776 
428 1223 777 
429 1223 777 
430 1221 779 
431 1219 781 
432 1216 784 
433 1217 783 
434 1214 786 
435 1214 786 
436 1212 788 
437 1212 788 
438 1211 789 
439 1209 791 
440 1207 793 
441 1205 795 
442 1204 796 
443 1202 798 
444 1201 799 
445 1199 801 
446 1199 801 
447 1199 801 
448 1197 803 
449 1196 804 
450 1194 806 
451 1193 807 
452 1192 808 
453 1194 806 
454 1191 809 
455 1193 807 
456 1190 810 
457 1189 811 
458 1187 813 
459 1187 813 
460 1185 815 
461 1185 815 
462 1181 819 
463 1180 820 
464 1178 822 
465 1177 823 
466 1175 825 
467 1176 824 
468 1172 828 
469 1170 830 
470 1168 832 
471 1169 831 
472 1166 834 
473 1167 833 
474 1165 835 
475 1164 836 
476 1162 838 
477 1165 835 
478 1163 837 
479 1163 837 
480 1161 839 
481 1161 839 
482 1160 840 
483 1161 839 
484 1159 841 
485 1159 841 
486 1157 843 
487 1159 841 
488 1156 844 
489 1156 844 
490 1156 844 
491 1155 845 
492 1153 847 
493 1154 846 
494 1153 847 
495 1153 847 
496 1149 851 
497 1153 847 
498 1149 851 
499 1149 851 
500 1147 853 
501 1147 853 
502 1145 855 
503 1146 854 
504 1144 856 
505 1145 855 
506 1142 858 
507 1142 858 
508 1141 859 
509 1140 860 
510 1136 864 
511 1138 862 
512 1133 867 
513 1134 866 
514 1132 868 
515 1132 868 
516 1131 869 
517 1130 870 
518 1131 869 
519 1131 869 
520 1131 869 
521 1131 869 
522 1132 868 
523 1132 868 
524 1132 868 
525 1131 869 
526 1129 871 
527 1128 872 
528 1124 876 
529 1124 876 
530 1126 874 
531 1124 876 
532 1123 877 
533 1122 878 
534 1123 877 
535 1123 877 
536 1122 878 
537 1122 878 
538 1123 877 
539 1121 879 
540 1120 880 
541 1123 877 
542 1123 877 
543 1122 878 
544 1122 878 
545 1123 877 
546 1124 876 
547 1124 876 
548 1122 878 
549 1122 878 
550 1122 878 
551 1121 879 
552 1118 882 
553 1118 882 
554 1115 885 
555 1116 884 
556 1113 887 
557 1114 886 
558 1114 886 
559 1115 885 
560 1114 886 
561 1113 887 
562 1112 888 
563 1112 888 
564 1111 889 
565 1111 889 
566 1108 892 
567 1107 893 
568 1106 894 
569 1105 895 
570 1102 898 
571 1102 898 
572 1104 896 
573 1103 897 
574 1102 898 
575 1101 899 
576 1099 901 
577 1099 901 
578 1100 900 
579 1100 900 
580 1100 900 
581 1100 900 
582 1098 902 
583 1100 900 
584 1097 903 
585 1096 904 
586 1095 905 
587 1094 906 
588 1093 907 
589 1090 910 
590 1088 912 
591 1088 912 
592 1089 911 
593 1087 913 
