0 1000 0 
1 997 3 
2 997 3 
3 997 3 
4 996 4 
5 994 6 
6 993 7 
7 991 9 
8 990 10 
9 990 10 
10 988 12 
11 985 15 
12 983 17 
13 983 17 
14 983 17 
15 981 19 
16 978 22 
17 978 22 
18 976 24 
19 975 25 
20 974 26 
21 974 26 
22 974 26 
23 974 26 
24 972 28 
25 972 28 
26 970 30 
27 969 31 
28 969 31 
29 969 31 
30 969 31 
31 968 32 
32 967 33 
33 967 33 
34 967 33 
35 967 33 
36 966 34 
37 965 35 
38 965 35 
39 964 36 
40 961 39 
41 961 39 
42 961 39 
43 960 40 
44 960 40 
45 959 41 
46 958 42 
47 955 45 
48 954 46 
49 954 46 
50 953 47 
51 952 48 
52 951 49 
53 949 51 
54 948 52 
55 948 52 
56 948 52 
57 948 52 
58 946 54 
59 945 55 
60 944 56 
61 944 56 
62 943 57 
63 942 58 
64 941 59 
65 941 59 
66 941 59 
67 940 60 
68 939 61 
69 937 63 
70 936 64 
71 934 66 
72 933 67 
73 932 68 
74 931 69 
75 931 69 
76 931 69 
77 931 69 
78 930 70 
79 930 70 
80 929 71 
81 928 72 
82 926 74 
83 924 76 
84 924 76 
85 922 78 
86 921 79 
87 921 79 
88 920 80 
89 919 81 
90 917 83 
91 916 84 
92 915 85 
93 915 85 
94 915 85 
95 914 86 
96 914 86 
97 913 87 
98 912 88 
99 912 88 
100 912 88 
101 912 88 
102 912 88 
103 910 90 
104 910 90 
105 910 90 
106 908 92 
107 907 93 
108 906 94 
109 905 95 
110 904 96 
111 902 98 
112 902 98 
113 902 98 
114 902 98 
115 901 99 
116 899 101 
117 897 103 
118 896 104 
119 896 104 
120 896 104 
121 895 105 
122 894 106 
123 893 107 
124 892 108 
125 891 109 
126 891 109 
127 889 111 
128 888 112 
129 888 112 
130 887 113 
131 887 113 
132 886 114 
133 885 115 
134 883 117 
135 881 119 
136 879 121 
137 879 121 
138 879 121 
139 878 122 
140 877 123 
141 876 124 
142 876 124 
143 875 125 
144 875 125 
145 875 125 
146 874 126 
147 874 126 
148 874 126 
149 874 126 
150 874 126 
151 873 127 
152 872 128 
153 871 129 
154 868 132 
155 867 133 
156 864 136 
157 863 137 
158 863 137 
159 861 139 
160 860 140 
161 858 142 
162 858 142 
163 856 144 
164 854 146 
165 853 147 
166 852 148 
167 851 149 
168 851 149 
169 850 150 
170 850 150 
171 849 151 
172 846 154 
173 845 155 
174 843 157 
175 841 159 
176 838 162 
177 837 163 
178 836 164 
179 831 169 
180 831 169 
181 829 171 
182 829 171 
183 829 171 
184 827 173 
185 827 173 
186 826 174 
187 826 174 
188 825 175 
189 824 176 
190 822 178 
191 821 179 
192 817 183 
193 816 184 
194 816 184 
195 816 184 
196 814 186 
197 814 186 
198 814 186 
199 814 186 
200 814 186 
201 813 187 
202 813 187 
203 814 186 
204 810 190 
205 808 192 
206 805 195 
207 805 195 
208 806 194 
209 806 194 
210 806 194 
211 807 193 
212 806 194 
213 806 194 
214 805 195 
215 805 195 
216 801 199 
217 799 201 
218 797 203 
219 798 202 
220 797 203 
221 798 202 
222 797 203 
223 798 202 
224 796 204 
225 794 206 
226 793 207 
227 794 206 
228 793 207 
229 793 207 
230 791 209 
231 791 209 
232 790 210 
233 790 210 
234 789 211 
235 790 210 
236 787 213 
237 786 214 
238 784 216 
239 783 217 
240 782 218 
241 782 218 
242 780 220 
243 779 221 
244 777 223 
245 777 223 
246 776 224 
247 776 224 
248 775 225 
249 776 224 
250 774 226 
251 775 225 
252 772 228 
253 772 228 
254 770 230 
255 771 229 
256 769 231 
257 769 231 
258 767 233 
259 766 234 
260 763 237 
261 764 236 
262 764 236 
263 765 235 
264 764 236 
265 764 236 
266 763 237 
267 761 239 
268 760 240 
269 761 239 
270 760 240 
271 762 238 
272 761 239 
273 761 239 
274 760 240 
275 760 240 
276 758 242 
277 758 242 
278 757 243 
279 756 244 
280 752 248 
281 752 248 
282 751 249 
283 749 251 
284 747 253 
285 748 252 
286 748 252 
287 748 252 
288 748 252 
289 748 252 
290 746 254 
291 745 255 
292 746 254 
293 745 255 
294 745 255 
295 745 255 
296 743 257 
297 742 258 
298 741 259 
299 741 259 
300 740 260 
301 740 260 
302 740 260 
303 739 261 
304 735 265 
305 736 264 
306 735 265 
307 734 266 
308 732 268 
309 731 269 
310 731 269 
311 730 270 
312 729 271 
313 729 271 
314 726 274 
315 724 276 
316 725 275 
317 722 278 
318 722 278 
319 720 280 
320 719 281 
321 719 281 
322 718 282 
323 716 284 
324 716 284 
325 715 285 
326 715 285 
327 716 284 
328 715 285 
329 715 285 
330 715 285 
331 715 285 
332 715 285 
333 714 286 
334 713 287 
335 712 288 
336 712 288 
337 711 289 
338 707 293 
339 706 294 
340 705 295 
341 704 296 
342 704 296 
343 703 297 
344 702 298 
345 703 297 
346 702 298 
347 701 299 
348 700 300 
349 698 302 
350 697 303 
351 697 303 
352 697 303 
353 696 304 
354 694 306 
355 694 306 
356 695 305 
357 695 305 
358 694 306 
359 694 306 
360 694 306 
361 693 307 
362 695 305 
363 691 309 
364 691 309 
365 690 310 
366 690 310 
367 686 314 
368 687 313 
369 686 314 
370 686 314 
371 686 314 
372 687 313 
373 686 314 
374 687 313 
375 685 315 
376 687 313 
377 686 314 
378 687 313 
379 686 314 
380 686 314 
381 686 314 
382 686 314 
383 684 316 
384 684 316 
385 683 317 
386 684 316 
387 683 317 
388 683 317 
389 682 318 
390 682 318 
391 680 320 
392 683 317 
393 680 320 
394 681 319 
395 679 321 
396 681 319 
397 679 321 
398 681 319 
399 679 321 
400 679 321 
401 676 324 
402 677 323 
403 674 326 
404 676 324 
405 672 328 
406 673 327 
407 673 327 
408 674 326 
409 672 328 
410 674 326 
411 672 328 
412 672 328 
413 669 331 
414 671 329 
415 669 331 
416 670 330 
417 668 332 
418 672 328 
419 668 332 
420 671 329 
421 669 331 
422 670 330 
423 668 332 
424 669 331 
425 666 334 
426 665 335 
427 664 336 
428 666 334 
429 665 335 
430 665 335 
431 663 337 
432 664 336 
433 662 338 
434 663 337 
435 663 337 
436 664 336 
437 664 336 
438 663 337 
439 659 341 
440 659 341 
441 657 343 
442 657 343 
443 656 344 
444 657 343 
445 656 344 
446 657 343 
447 655 345 
448 656 344 
449 654 346 
450 655 345 
451 654 346 
452 653 347 
453 652 348 
454 654 346 
455 652 348 
456 652 348 
457 651 349 
458 652 348 
459 650 350 
460 651 349 
461 650 350 
462 651 349 
463 649 351 
464 647 353 
465 646 354 
466 646 354 
467 644 356 
468 643 357 
469 641 359 
470 642 358 
471 641 359 
472 641 359 
473 638 362 
474 638 362 
475 637 363 
476 638 362 
477 638 362 
478 640 360 
479 638 362 
480 639 361 
481 638 362 
482 640 360 
483 640 360 
484 641 359 
485 640 360 
486 641 359 
487 639 361 
488 640 360 
489 639 361 
490 640 360 
491 639 361 
492 640 360 
493 639 361 
494 640 360 
495 639 361 
496 641 359 
497 639 361 
498 639 361 
499 638 362 
500 639 361 
501 638 362 
502 638 362 
503 637 363 
504 638 362 
505 637 363 
506 637 363 
507 636 364 
508 638 362 
509 635 365 
510 637 363 
511 636 364 
512 637 363 
513 636 364 
514 636 364 
515 636 364 
516 637 363 
517 636 364 
518 636 364 
519 635 365 
520 634 366 
521 633 367 
522 634 366 
523 634 366 
524 635 365 
525 633 367 
526 630 370 
527 628 372 
528 629 371 
529 626 374 
530 627 373 
531 625 375 
532 626 374 
533 625 375 
534 625 375 
535 624 376 
536 626 374 
537 624 376 
538 624 376 
539 623 377 
540 623 377 
541 622 378 
542 623 377 
543 622 378 
544 622 378 
545 624 376 
546 624 376 
547 622 378 
548 619 381 
549 619 381 
550 620 380 
551 618 382 
552 618 382 
553 618 382 
554 618 382 
555 618 382 
556 618 382 
557 618 382 
558 617 383 
559 617 383 
560 618 382 
561 618 382 
562 620 380 
563 620 380 
564 620 380 
565 620 380 
566 621 379 
567 621 379 
568 623 377 
569 623 377 
570 624 376 
571 624 376 
572 624 376 
573 620 380 
574 621 379 
575 621 379 
576 620 380 
577 621 379 
578 620 380 
579 620 380 
580 620 380 
581 620 380 
582 619 381 
583 618 382 
584 618 382 
585 618 382 
586 619 381 
587 619 381 
588 619 381 
589 619 381 
590 619 381 
591 619 381 
592 619 381 
593 614 386 
594 615 385 
595 616 384 
596 616 384 
597 616 384 
598 615 385 
599 616 384 
600 617 383 
601 617 383 
602 617 383 
603 616 384 
604 618 382 
605 617 383 
606 617 383 
607 618 382 
608 619 381 
609 619 381 
610 618 382 
611 616 384 
612 615 385 
613 615 385 
614 615 385 
615 615 385 
616 616 384 
617 615 385 
618 616 384 
619 615 385 
620 615 385 
621 617 383 
622 618 382 
623 617 383 
624 617 383 
625 616 384 
626 614 386 
627 614 386 
628 614 386 
629 613 387 
630 612 388 
631 612 388 
632 613 387 
633 612 388 
634 613 387 
635 613 387 
636 613 387 
637 613 387 
638 613 387 
639 613 387 
640 613 387 
641 613 387 
642 613 387 
643 613 387 
644 613 387 
645 613 387 
646 613 387 
647 614 386 
648 615 385 
649 614 386 
650 615 385 
651 614 386 
652 614 386 
653 616 384 
654 616 384 
655 616 384 
656 614 386 
657 614 386 
658 614 386 
659 613 387 
660 611 389 
661 611 389 
662 612 388 
663 612 388 
664 612 388 
665 610 390 
666 611 389 
667 611 389 
668 613 387 
669 613 387 
670 613 387 
671 615 385 
672 614 386 
673 614 386 
674 613 387 
675 613 387 
676 613 387 
677 613 387 
678 613 387 
679 612 388 
680 612 388 
681 612 388 
682 612 388 
683 612 388 
684 611 389 
685 612 388 
686 611 389 
687 612 388 
688 612 388 
689 612 388 
690 611 389 
691 612 388 
692 610 390 
693 611 389 
694 610 390 
695 611 389 
696 610 390 
697 611 389 
698 611 389 
699 614 386 
700 612 388 
701 612 388 
702 611 389 
703 610 390 
704 608 392 
705 609 391 
706 608 392 
707 609 391 
708 607 393 
709 609 391 
710 608 392 
711 610 390 
712 610 390 
713 612 388 
714 610 390 
715 612 388 
716 609 391 
717 611 389 
718 610 390 
719 611 389 
720 610 390 
721 611 389 
722 609 391 
723 610 390 
724 609 391 
725 613 387 
726 611 389 
727 614 386 
728 612 388 
729 614 386 
730 611 389 
731 613 387 
732 611 389 
733 613 387 
734 610 390 
735 613 387 
736 611 389 
737 613 387 
738 611 389 
739 614 386 
740 612 388 
741 615 385 
742 615 385 
743 616 384 
744 614 386 
745 616 384 
746 614 386 
747 616 384 
748 614 386 
749 617 383 
750 614 386 
751 615 385 
752 613 387 
753 616 384 
754 614 386 
755 616 384 
756 614 386 
757 616 384 
758 613 387 
759 614 386 
760 612 388 
761 614 386 
762 611 389 
763 611 389 
764 609 391 
765 609 391 
766 607 393 
767 608 392 
768 606 394 
769 608 392 
770 606 394 
771 609 391 
772 607 393 
773 610 390 
774 607 393 
775 610 390 
776 608 392 
777 610 390 
778 608 392 
779 609 391 
780 608 392 
781 610 390 
782 608 392 
783 611 389 
784 609 391 
785 612 388 
786 609 391 
787 612 388 
788 610 390 
789 611 389 
790 609 391 
791 611 389 
792 608 392 
793 610 390 
794 608 392 
795 611 389 
796 608 392 
797 608 392 
798 606 394 
799 607 393 
800 606 394 
801 608 392 
802 606 394 
803 610 390 
804 609 391 
805 608 392 
806 605 395 
807 607 393 
808 605 395 
809 604 396 
810 601 399 
811 602 398 
812 600 400 
813 601 399 
814 599 401 
815 602 398 
816 599 401 
817 601 399 
818 596 404 
819 598 402 
820 595 405 
821 597 403 
822 593 407 
823 595 405 
824 591 409 
825 594 406 
826 591 409 
827 593 407 
828 590 410 
829 594 406 
830 591 409 
831 593 407 
832 590 410 
833 594 406 
834 590 410 
835 592 408 
836 590 410 
837 592 408 
838 589 411 
839 591 409 
840 588 412 
841 590 410 
842 587 413 
843 590 410 
844 588 412 
845 590 410 
846 589 411 
847 590 410 
848 588 412 
849 590 410 
850 588 412 
851 591 409 
852 589 411 
853 591 409 
854 589 411 
855 590 410 
856 587 413 
857 587 413 
858 586 414 
859 588 412 
860 586 414 
861 589 411 
862 589 411 
863 590 410 
864 588 412 
865 588 412 
866 585 415 
867 587 413 
868 586 414 
869 587 413 
870 585 415 
871 586 414 
872 585 415 
873 585 415 
874 585 415 
875 587 413 
876 586 414 
877 588 412 
878 587 413 
879 588 412 
880 586 414 
881 587 413 
882 584 416 
883 586 414 
884 585 415 
885 587 413 
886 586 414 
887 586 414 
888 585 415 
889 587 413 
890 586 414 
891 587 413 
892 586 414 
893 587 413 
894 588 412 
895 588 412 
896 587 413 
897 588 412 
898 587 413 
899 588 412 
900 587 413 
901 587 413 
902 585 415 
903 585 415 
904 584 416 
905 585 415 
906 585 415 
907 586 414 
908 583 417 
909 583 417 
910 582 418 
911 583 417 
912 582 418 
913 582 418 
914 580 420 
915 582 418 
916 581 419 
917 582 418 
918 581 419 
919 582 418 
920 581 419 
921 582 418 
922 581 419 
923 583 417 
924 580 420 
925 581 419 
926 580 420 
927 580 420 
928 579 421 
929 583 417 
930 581 419 
931 583 417 
932 579 421 
933 580 420 
934 580 420 
935 580 420 
936 579 421 
937 581 419 
938 579 421 
939 580 420 
940 579 421 
941 582 418 
942 581 419 
943 582 418 
944 580 420 
945 581 419 
946 581 419 
947 582 418 
948 583 417 
949 584 416 
950 583 417 
951 584 416 
952 584 416 
953 584 416 
954 583 417 
955 581 419 
956 579 421 
957 580 420 
958 580 420 
959 579 421 
960 579 421 
961 578 422 
962 578 422 
963 577 423 
964 577 423 
965 577 423 
966 576 424 
967 576 424 
968 576 424 
969 576 424 
970 577 423 
971 576 424 
972 578 422 
973 577 423 
974 578 422 
975 578 422 
976 580 420 
977 578 422 
978 580 420 
979 580 420 
980 581 419 
981 580 420 
982 579 421 
983 578 422 
984 579 421 
985 578 422 
986 579 421 
987 576 424 
988 576 424 
989 574 426 
990 575 425 
991 574 426 
992 574 426 
993 573 427 
994 575 425 
995 575 425 
996 577 423 
997 577 423 
998 579 421 
999 578 422 
1000 579 421 
1001 578 422 
1002 579 421 
1003 577 423 
1004 579 421 
1005 578 422 
1006 579 421 
1007 578 422 
1008 579 421 
1009 578 422 
1010 580 420 
1011 578 422 
1012 580 420 
1013 580 420 
1014 581 419 
1015 581 419 
1016 582 418 
1017 580 420 
1018 581 419 
1019 580 420 
1020 585 415 
1021 584 416 
1022 585 415 
1023 583 417 
1024 585 415 
1025 584 416 
1026 586 414 
1027 586 414 
1028 588 412 
1029 588 412 
1030 590 410 
1031 588 412 
1032 590 410 
1033 589 411 
1034 591 409 
1035 589 411 
1036 592 408 
1037 589 411 
1038 591 409 
1039 587 413 
1040 589 411 
1041 587 413 
1042 588 412 
1043 586 414 
1044 587 413 
1045 586 414 
1046 587 413 
1047 583 417 
1048 584 416 
1049 583 417 
1050 583 417 
1051 580 420 
1052 583 417 
1053 581 419 
1054 583 417 
1055 581 419 
1056 584 416 
1057 583 417 
1058 585 415 
1059 585 415 
1060 586 414 
1061 584 416 
1062 585 415 
1063 582 418 
1064 583 417 
1065 581 419 
1066 583 417 
1067 583 417 
1068 584 416 
1069 582 418 
1070 584 416 
1071 580 420 
1072 582 418 
1073 580 420 
1074 582 418 
1075 581 419 
1076 583 417 
1077 579 421 
1078 581 419 
1079 579 421 
1080 581 419 
1081 579 421 
1082 580 420 
1083 579 421 
1084 582 418 
1085 580 420 
1086 581 419 
1087 578 422 
1088 579 421 
1089 576 424 
1090 577 423 
1091 574 426 
1092 576 424 
1093 574 426 
1094 576 424 
1095 574 426 
1096 576 424 
1097 575 425 
1098 577 423 
1099 576 424 
1100 578 422 
1101 576 424 
1102 578 422 
1103 577 423 
1104 580 420 
1105 577 423 
1106 579 421 
1107 576 424 
1108 578 422 
1109 576 424 
1110 579 421 
1111 578 422 
1112 580 420 
1113 579 421 
1114 579 421 
1115 576 424 
1116 579 421 
1117 578 422 
1118 579 421 
1119 578 422 
1120 579 421 
1121 578 422 
1122 579 421 
1123 577 423 
1124 578 422 
1125 577 423 
1126 579 421 
1127 578 422 
1128 580 420 
1129 578 422 
1130 579 421 
1131 578 422 
1132 578 422 
1133 578 422 
1134 579 421 
1135 579 421 
1136 581 419 
1137 580 420 
1138 580 420 
1139 581 419 
1140 583 417 
1141 583 417 
1142 583 417 
1143 584 416 
1144 584 416 
1145 584 416 
1146 586 414 
1147 586 414 
1148 587 413 
1149 587 413 
1150 587 413 
1151 586 414 
1152 586 414 
1153 587 413 
1154 587 413 
1155 587 413 
1156 586 414 
1157 587 413 
1158 585 415 
1159 585 415 
1160 585 415 
1161 585 415 
1162 583 417 
1163 582 418 
1164 582 418 
1165 583 417 
1166 582 418 
1167 582 418 
1168 585 415 
1169 585 415 
1170 584 416 
1171 585 415 
1172 584 416 
1173 585 415 
1174 581 419 
1175 582 418 
1176 582 418 
1177 582 418 
1178 581 419 
1179 583 417 
1180 581 419 
1181 582 418 
1182 581 419 
1183 580 420 
1184 580 420 
1185 581 419 
1186 580 420 
1187 581 419 
1188 580 420 
1189 581 419 
1190 579 421 
1191 580 420 
1192 579 421 
1193 580 420 
1194 579 421 
1195 580 420 
1196 578 422 
1197 579 421 
1198 578 422 
1199 579 421 
1200 577 423 
1201 578 422 
1202 577 423 
1203 577 423 
1204 575 425 
1205 577 423 
1206 576 424 
1207 578 422 
1208 578 422 
1209 577 423 
1210 576 424 
1211 579 421 
1212 577 423 
1213 578 422 
1214 577 423 
1215 577 423 
1216 577 423 
1217 577 423 
1218 576 424 
1219 576 424 
1220 574 426 
1221 575 425 
1222 573 427 
1223 574 426 
1224 575 425 
1225 577 423 
1226 575 425 
1227 576 424 
1228 572 428 
1229 574 426 
1230 572 428 
1231 572 428 
1232 570 430 
1233 571 429 
1234 569 431 
1235 571 429 
1236 569 431 
1237 571 429 
1238 568 432 
1239 570 430 
1240 569 431 
1241 571 429 
1242 569 431 
1243 571 429 
1244 567 433 
1245 568 432 
1246 566 434 
1247 567 433 
1248 565 435 
1249 567 433 
1250 565 435 
1251 567 433 
1252 566 434 
1253 568 432 
1254 565 435 
1255 567 433 
1256 565 435 
1257 567 433 
1258 563 437 
1259 563 437 
1260 561 439 
1261 562 438 
1262 561 439 
1263 563 437 
1264 561 439 
1265 564 436 
1266 564 436 
1267 565 435 
1268 563 437 
1269 567 433 
1270 567 433 
1271 569 431 
1272 567 433 
1273 569 431 
1274 566 434 
1275 568 432 
1276 564 436 
1277 566 434 
1278 561 439 
1279 563 437 
1280 561 439 
1281 564 436 
1282 561 439 
1283 564 436 
1284 561 439 
1285 564 436 
1286 561 439 
1287 564 436 
1288 561 439 
1289 564 436 
1290 562 438 
1291 565 435 
1292 563 437 
1293 567 433 
1294 565 435 
1295 566 434 
1296 563 437 
1297 565 435 
1298 562 438 
1299 565 435 
1300 564 436 
1301 566 434 
1302 564 436 
1303 566 434 
1304 564 436 
1305 566 434 
1306 564 436 
1307 566 434 
1308 565 435 
1309 567 433 
1310 565 435 
1311 566 434 
1312 564 436 
1313 566 434 
1314 564 436 
1315 567 433 
1316 566 434 
1317 567 433 
1318 565 435 
1319 567 433 
1320 566 434 
1321 568 432 
1322 566 434 
1323 569 431 
1324 566 434 
1325 568 432 
1326 565 435 
1327 567 433 
1328 564 436 
1329 566 434 
1330 563 437 
1331 565 435 
1332 562 438 
1333 562 438 
1334 560 440 
1335 563 437 
1336 562 438 
1337 565 435 
1338 563 437 
1339 565 435 
1340 563 437 
1341 566 434 
1342 563 437 
1343 565 435 
1344 562 438 
1345 563 437 
1346 561 439 
1347 563 437 
1348 560 440 
1349 560 440 
1350 558 442 
1351 560 440 
1352 559 441 
1353 560 440 
1354 557 443 
1355 559 441 
1356 556 444 
1357 560 440 
1358 558 442 
1359 560 440 
1360 558 442 
1361 561 439 
1362 560 440 
1363 562 438 
1364 560 440 
1365 562 438 
1366 560 440 
1367 560 440 
1368 558 442 
1369 560 440 
1370 558 442 
1371 559 441 
1372 557 443 
1373 560 440 
1374 556 444 
1375 558 442 
1376 555 445 
1377 558 442 
1378 557 443 
1379 559 441 
1380 556 444 
1381 556 444 
1382 555 445 
1383 556 444 
1384 556 444 
1385 557 443 
1386 556 444 
1387 557 443 
1388 555 445 
1389 555 445 
1390 553 447 
1391 553 447 
1392 554 446 
1393 555 445 
1394 553 447 
1395 554 446 
1396 555 445 
1397 555 445 
1398 554 446 
1399 555 445 
1400 555 445 
1401 556 444 
1402 556 444 
1403 557 443 
1404 556 444 
1405 557 443 
1406 554 446 
1407 553 447 
1408 552 448 
1409 553 447 
1410 551 449 
1411 551 449 
1412 548 452 
1413 549 451 
1414 548 452 
1415 549 451 
1416 548 452 
1417 550 450 
1418 549 451 
1419 549 451 
1420 548 452 
1421 550 450 
1422 550 450 
1423 550 450 
1424 549 451 
1425 549 451 
1426 548 452 
1427 549 451 
1428 549 451 
1429 549 451 
1430 548 452 
1431 549 451 
1432 551 449 
1433 551 449 
1434 552 448 
1435 552 448 
1436 551 449 
1437 550 450 
1438 550 450 
1439 550 450 
1440 549 451 
1441 548 452 
1442 548 452 
1443 548 452 
1444 548 452 
1445 549 451 
1446 548 452 
1447 549 451 
1448 549 451 
1449 549 451 
