0 3000 0 
1 2996 4 
2 2993 7 
3 2990 10 
4 2989 11 
5 2985 15 
6 2982 18 
7 2980 20 
8 2978 22 
9 2974 26 
10 2971 29 
11 2970 30 
12 2964 36 
13 2962 38 
14 2958 42 
15 2954 46 
16 2951 49 
17 2946 54 
18 2946 54 
19 2943 57 
20 2940 60 
21 2936 64 
22 2934 66 
23 2933 67 
24 2930 70 
25 2930 70 
26 2927 73 
27 2925 75 
28 2924 76 
29 2922 78 
30 2919 81 
31 2920 80 
32 2918 82 
33 2914 86 
34 2912 88 
35 2910 90 
36 2908 92 
37 2901 99 
38 2899 101 
39 2896 104 
40 2894 106 
41 2891 109 
42 2888 112 
43 2885 115 
44 2885 115 
45 2881 119 
46 2879 121 
47 2878 122 
48 2875 125 
49 2870 130 
50 2869 131 
51 2865 135 
52 2863 137 
53 2858 142 
54 2857 143 
55 2850 150 
56 2846 154 
57 2841 159 
58 2842 158 
59 2835 165 
60 2835 165 
61 2831 169 
62 2830 170 
63 2824 176 
64 2823 177 
65 2818 182 
66 2817 183 
67 2814 186 
68 2809 191 
69 2803 197 
70 2802 198 
71 2799 201 
72 2797 203 
73 2794 206 
74 2795 205 
75 2791 209 
76 2791 209 
77 2787 213 
78 2787 213 
79 2782 218 
80 2781 219 
81 2775 225 
82 2772 228 
83 2763 237 
84 2763 237 
85 2757 243 
86 2757 243 
87 2751 249 
88 2751 249 
89 2743 257 
90 2743 257 
91 2737 263 
92 2738 262 
93 2733 267 
94 2730 270 
95 2725 275 
96 2725 275 
97 2720 280 
98 2717 283 
99 2713 287 
100 2714 286 
101 2708 292 
102 2707 293 
103 2703 297 
104 2702 298 
105 2697 303 
106 2692 308 
107 2689 311 
108 2689 311 
109 2682 318 
110 2681 319 
111 2678 322 
112 2675 325 
113 2667 333 
114 2664 336 
115 2660 340 
116 2659 341 
117 2656 344 
118 2656 344 
119 2649 351 
120 2646 354 
121 2638 362 
122 2639 361 
123 2635 365 
124 2634 366 
125 2631 369 
126 2625 375 
127 2620 380 
128 2618 382 
129 2613 387 
130 2611 389 
131 2609 391 
132 2606 394 
133 2601 399 
134 2594 406 
135 2590 410 
136 2588 412 
137 2580 420 
138 2576 424 
139 2570 430 
140 2571 429 
141 2560 440 
142 2557 443 
143 2550 450 
144 2546 454 
145 2540 460 
146 2537 463 
147 2534 466 
148 2532 468 
149 2528 472 
150 2525 475 
151 2521 479 
152 2519 481 
153 2514 486 
154 2511 489 
155 2507 493 
156 2503 497 
157 2499 501 
158 2496 504 
159 2490 510 
160 2488 512 
161 2482 518 
162 2482 518 
163 2477 523 
164 2475 525 
165 2469 531 
166 2468 532 
167 2462 538 
168 2461 539 
169 2455 545 
170 2453 547 
171 2450 550 
172 2449 551 
173 2446 554 
174 2445 555 
175 2438 562 
176 2439 561 
177 2432 568 
178 2433 567 
179 2427 573 
180 2425 575 
181 2420 580 
182 2420 580 
183 2416 584 
184 2414 586 
185 2407 593 
186 2407 593 
187 2401 599 
188 2401 599 
189 2396 604 
190 2396 604 
191 2391 609 
192 2388 612 
193 2377 623 
194 2372 628 
195 2368 632 
196 2368 632 
197 2364 636 
198 2362 638 
199 2356 644 
200 2353 647 
201 2346 654 
202 2344 656 
203 2339 661 
204 2335 665 
205 2331 669 
206 2326 674 
207 2323 677 
208 2317 683 
209 2312 688 
210 2308 692 
211 2306 694 
212 2305 695 
213 2302 698 
214 2297 703 
215 2296 704 
216 2290 710 
217 2288 712 
218 2284 716 
219 2279 721 
220 2274 726 
221 2270 730 
222 2268 732 
223 2264 736 
224 2260 740 
225 2259 741 
226 2257 743 
227 2252 748 
228 2245 755 
229 2243 757 
230 2241 759 
231 2238 762 
232 2235 765 
233 2231 769 
234 2228 772 
235 2221 779 
236 2219 781 
237 2214 786 
238 2212 788 
239 2207 793 
240 2204 796 
241 2200 800 
242 2195 805 
243 2191 809 
244 2191 809 
245 2186 814 
246 2184 816 
247 2180 820 
248 2177 823 
249 2173 827 
250 2170 830 
251 2166 834 
252 2164 836 
253 2159 841 
254 2154 846 
255 2152 848 
256 2147 853 
257 2143 857 
258 2141 859 
259 2137 863 
260 2132 868 
261 2129 871 
262 2124 876 
263 2124 876 
264 2121 879 
265 2120 880 
266 2115 885 
267 2113 887 
268 2109 891 
269 2103 897 
270 2098 902 
271 2095 905 
272 2090 910 
273 2081 919 
274 2079 921 
275 2076 924 
276 2070 930 
277 2065 935 
278 2064 936 
279 2059 941 
280 2058 942 
281 2056 944 
282 2056 944 
283 2050 950 
284 2045 955 
285 2041 959 
286 2040 960 
287 2035 965 
288 2032 968 
289 2031 969 
290 2029 971 
291 2028 972 
292 2026 974 
293 2023 977 
294 2021 979 
295 2018 982 
296 2015 985 
297 2012 988 
298 2009 991 
299 2001 999 
300 2000 1000 
301 1994 1006 
302 1989 1011 
303 1987 1013 
304 1987 1013 
305 1984 1016 
306 1983 1017 
307 1978 1022 
308 1975 1025 
309 1969 1031 
310 1965 1035 
311 1960 1040 
312 1955 1045 
313 1950 1050 
314 1943 1057 
315 1941 1059 
316 1936 1064 
317 1933 1067 
318 1931 1069 
319 1928 1072 
320 1925 1075 
321 1923 1077 
322 1919 1081 
323 1916 1084 
324 1914 1086 
325 1913 1087 
326 1911 1089 
327 1909 1091 
328 1906 1094 
329 1904 1096 
330 1901 1099 
331 1898 1102 
332 1895 1105 
333 1893 1107 
334 1891 1109 
335 1887 1113 
336 1884 1116 
337 1884 1116 
338 1881 1119 
339 1880 1120 
340 1878 1122 
341 1877 1123 
342 1876 1124 
343 1877 1123 
344 1874 1126 
345 1875 1125 
346 1869 1131 
347 1868 1132 
348 1866 1134 
349 1867 1133 
350 1865 1135 
351 1862 1138 
352 1861 1139 
353 1860 1140 
354 1857 1143 
355 1857 1143 
356 1855 1145 
357 1855 1145 
358 1852 1148 
359 1851 1149 
360 1849 1151 
361 1848 1152 
362 1843 1157 
363 1841 1159 
364 1838 1162 
365 1839 1161 
366 1835 1165 
367 1834 1166 
368 1830 1170 
369 1828 1172 
370 1825 1175 
371 1827 1173 
372 1822 1178 
373 1824 1176 
374 1818 1182 
375 1819 1181 
376 1817 1183 
377 1819 1181 
378 1815 1185 
379 1816 1184 
380 1812 1188 
381 1814 1186 
382 1808 1192 
383 1812 1188 
384 1806 1194 
385 1806 1194 
386 1797 1203 
387 1798 1202 
388 1792 1208 
389 1795 1205 
390 1789 1211 
391 1790 1210 
392 1786 1214 
393 1789 1211 
394 1785 1215 
395 1788 1212 
396 1783 1217 
397 1785 1215 
398 1780 1220 
399 1779 1221 
400 1774 1226 
401 1776 1224 
402 1770 1230 
403 1771 1229 
404 1765 1235 
405 1767 1233 
406 1759 1241 
407 1761 1239 
408 1757 1243 
409 1759 1241 
410 1756 1244 
411 1755 1245 
412 1751 1249 
413 1751 1249 
414 1746 1254 
415 1747 1253 
416 1742 1258 
417 1741 1259 
418 1738 1262 
419 1737 1263 
420 1731 1269 
421 1733 1267 
422 1729 1271 
423 1730 1270 
424 1726 1274 
425 1727 1273 
426 1722 1278 
427 1724 1276 
428 1722 1278 
429 1722 1278 
430 1720 1280 
431 1722 1278 
432 1716 1284 
433 1716 1284 
434 1714 1286 
435 1716 1284 
436 1713 1287 
437 1715 1285 
438 1710 1290 
439 1712 1288 
440 1707 1293 
441 1709 1291 
442 1706 1294 
443 1707 1293 
444 1702 1298 
445 1703 1297 
446 1696 1304 
447 1698 1302 
448 1692 1308 
449 1694 1306 
450 1690 1310 
451 1693 1307 
452 1687 1313 
453 1691 1309 
454 1685 1315 
455 1690 1310 
456 1682 1318 
457 1683 1317 
458 1681 1319 
459 1684 1316 
460 1680 1320 
461 1684 1316 
462 1681 1319 
463 1685 1315 
464 1679 1321 
465 1683 1317 
466 1676 1324 
467 1679 1321 
468 1674 1326 
469 1678 1322 
470 1671 1329 
471 1673 1327 
472 1664 1336 
473 1664 1336 
474 1658 1342 
475 1660 1340 
476 1657 1343 
477 1654 1346 
478 1648 1352 
479 1649 1351 
480 1644 1356 
481 1647 1353 
482 1644 1356 
483 1643 1357 
484 1639 1361 
485 1639 1361 
486 1637 1363 
487 1637 1363 
