0 10000 0 
1 9985 15 
2 9981 19 
3 9971 29 
4 9957 43 
5 9947 53 
6 9937 63 
7 9926 74 
8 9918 82 
9 9906 94 
10 9899 101 
11 9886 114 
12 9876 124 
13 9870 130 
14 9863 137 
15 9858 142 
16 9848 152 
17 9842 158 
18 9829 171 
19 9818 182 
20 9804 196 
21 9795 205 
22 9788 212 
23 9786 214 
24 9772 228 
25 9766 234 
26 9754 246 
27 9745 255 
28 9737 263 
29 9728 272 
30 9717 283 
31 9706 294 
32 9699 301 
33 9687 313 
34 9675 325 
35 9668 332 
36 9655 345 
37 9644 356 
38 9638 362 
39 9628 372 
40 9620 380 
41 9605 395 
42 9591 409 
43 9583 417 
44 9574 426 
45 9562 438 
46 9555 445 
47 9545 455 
48 9536 464 
49 9524 476 
50 9514 486 
51 9501 499 
52 9486 514 
53 9477 523 
54 9464 536 
55 9450 550 
56 9439 561 
57 9434 566 
58 9420 580 
59 9416 584 
60 9400 600 
61 9388 612 
62 9371 629 
63 9364 636 
64 9346 654 
65 9339 661 
66 9327 673 
67 9317 683 
68 9302 698 
69 9290 710 
70 9278 722 
71 9276 724 
72 9269 731 
73 9265 735 
74 9253 747 
75 9243 757 
76 9230 770 
77 9218 782 
78 9202 798 
79 9191 809 
80 9176 824 
81 9165 835 
82 9154 846 
83 9139 861 
84 9126 874 
85 9113 887 
86 9101 899 
87 9087 913 
88 9064 936 
89 9048 952 
90 9035 965 
91 9026 974 
92 9008 992 
93 8999 1001 
94 8986 1014 
95 8971 1029 
96 8960 1040 
97 8946 1054 
98 8932 1068 
99 8923 1077 
100 8912 1088 
101 8895 1105 
102 8887 1113 
103 8875 1125 
104 8866 1134 
105 8847 1153 
106 8834 1166 
107 8819 1181 
108 8809 1191 
109 8793 1207 
110 8786 1214 
111 8776 1224 
112 8756 1244 
113 8749 1251 
114 8732 1268 
115 8714 1286 
116 8701 1299 
117 8695 1305 
118 8682 1318 
119 8663 1337 
120 8654 1346 
121 8637 1363 
122 8625 1375 
123 8613 1387 
124 8604 1396 
125 8588 1412 
126 8566 1434 
127 8554 1446 
128 8545 1455 
129 8534 1466 
130 8523 1477 
131 8504 1496 
132 8492 1508 
133 8481 1519 
134 8468 1532 
135 8455 1545 
136 8447 1553 
137 8432 1568 
138 8422 1578 
139 8411 1589 
140 8392 1608 
141 8378 1622 
142 8361 1639 
143 8344 1656 
144 8332 1668 
145 8317 1683 
146 8308 1692 
147 8296 1704 
148 8285 1715 
149 8269 1731 
150 8261 1739 
151 8247 1753 
152 8235 1765 
153 8219 1781 
154 8204 1796 
155 8188 1812 
156 8178 1822 
157 8166 1834 
158 8150 1850 
159 8138 1862 
160 8125 1875 
161 8106 1894 
162 8090 1910 
163 8080 1920 
164 8067 1933 
165 8055 1945 
166 8047 1953 
167 8026 1974 
168 8018 1982 
169 8006 1994 
170 7994 2006 
171 7979 2021 
172 7967 2033 
173 7958 2042 
174 7940 2060 
175 7927 2073 
176 7917 2083 
177 7903 2097 
178 7897 2103 
179 7877 2123 
180 7870 2130 
181 7859 2141 
182 7845 2155 
183 7830 2170 
184 7821 2179 
185 7802 2198 
186 7793 2207 
187 7779 2221 
188 7767 2233 
189 7748 2252 
190 7732 2268 
191 7719 2281 
192 7705 2295 
193 7693 2307 
194 7685 2315 
195 7674 2326 
196 7658 2342 
197 7644 2356 
198 7627 2373 
199 7607 2393 
200 7588 2412 
201 7571 2429 
202 7561 2439 
203 7546 2454 
204 7530 2470 
205 7518 2482 
206 7508 2492 
207 7492 2508 
208 7479 2521 
209 7465 2535 
210 7452 2548 
211 7434 2566 
212 7426 2574 
213 7410 2590 
214 7401 2599 
215 7387 2613 
216 7376 2624 
217 7355 2645 
218 7336 2664 
219 7327 2673 
220 7312 2688 
221 7295 2705 
222 7280 2720 
223 7263 2737 
224 7256 2744 
225 7240 2760 
226 7226 2774 
227 7216 2784 
228 7196 2804 
229 7183 2817 
230 7173 2827 
231 7160 2840 
232 7150 2850 
233 7140 2860 
234 7129 2871 
235 7114 2886 
236 7104 2896 
237 7085 2915 
238 7072 2928 
239 7063 2937 
240 7046 2954 
241 7041 2959 
242 7032 2968 
243 7020 2980 
244 7008 2992 
245 6990 3010 
246 6979 3021 
247 6974 3026 
248 6960 3040 
249 6949 3051 
250 6935 3065 
251 6926 3074 
252 6906 3094 
253 6900 3100 
254 6888 3112 
255 6877 3123 
256 6862 3138 
257 6853 3147 
258 6840 3160 
259 6831 3169 
260 6816 3184 
261 6800 3200 
262 6787 3213 
263 6779 3221 
264 6765 3235 
265 6756 3244 
266 6740 3260 
267 6730 3270 
268 6715 3285 
269 6708 3292 
270 6694 3306 
271 6688 3312 
272 6674 3326 
273 6661 3339 
274 6649 3351 
275 6639 3361 
276 6622 3378 
277 6607 3393 
278 6599 3401 
279 6590 3410 
280 6578 3422 
281 6566 3434 
282 6556 3444 
283 6548 3452 
284 6539 3461 
285 6531 3469 
286 6515 3485 
287 6505 3495 
288 6493 3507 
289 6478 3522 
290 6468 3532 
291 6460 3540 
292 6447 3553 
293 6438 3562 
294 6425 3575 
295 6421 3579 
296 6409 3591 
297 6403 3597 
298 6386 3614 
299 6380 3620 
300 6363 3637 
301 6354 3646 
302 6343 3657 
303 6333 3667 
304 6328 3672 
305 6322 3678 
306 6313 3687 
307 6298 3702 
308 6279 3721 
309 6268 3732 
310 6254 3746 
311 6249 3751 
312 6236 3764 
313 6228 3772 
314 6214 3786 
315 6204 3796 
316 6187 3813 
317 6172 3828 
318 6163 3837 
319 6155 3845 
320 6144 3856 
321 6142 3858 
322 6134 3866 
323 6128 3872 
324 6115 3885 
325 6103 3897 
326 6095 3905 
327 6087 3913 
328 6076 3924 
329 6075 3925 
330 6063 3937 
331 6055 3945 
332 6047 3953 
333 6045 3955 
334 6034 3966 
335 6025 3975 
336 6013 3987 
337 6000 4000 
338 5988 4012 
339 5984 4016 
340 5974 4026 
341 5973 4027 
342 5960 4040 
343 5953 4047 
344 5942 4058 
345 5931 4069 
346 5923 4077 
347 5918 4082 
348 5905 4095 
349 5896 4104 
350 5891 4109 
351 5882 4118 
352 5873 4127 
353 5868 4132 
354 5863 4137 
355 5858 4142 
356 5848 4152 
357 5847 4153 
358 5841 4159 
359 5832 4168 
360 5819 4181 
361 5815 4185 
362 5808 4192 
363 5803 4197 
364 5798 4202 
365 5796 4204 
366 5785 4215 
367 5779 4221 
368 5771 4229 
369 5769 4231 
370 5765 4235 
371 5758 4242 
372 5755 4245 
373 5750 4250 
374 5745 4255 
375 5734 4266 
376 5724 4276 
377 5720 4280 
378 5717 4283 
379 5713 4287 
380 5707 4293 
381 5700 4300 
382 5698 4302 
383 5690 4310 
384 5675 4325 
385 5668 4332 
386 5662 4338 
387 5659 4341 
388 5654 4346 
389 5646 4354 
390 5639 4361 
391 5630 4370 
392 5623 4377 
393 5613 4387 
394 5608 4392 
395 5600 4400 
396 5595 4405 
397 5588 4412 
398 5583 4417 
399 5579 4421 
400 5573 4427 
401 5564 4436 
402 5564 4436 
403 5551 4449 
404 5546 4454 
405 5534 4466 
406 5532 4468 
407 5527 4473 
408 5520 4480 
409 5513 4487 
410 5506 4494 
411 5499 4501 
412 5494 4506 
413 5484 4516 
414 5483 4517 
415 5476 4524 
416 5469 4531 
417 5465 4535 
418 5468 4532 
419 5464 4536 
420 5465 4535 
