0 2000 0 
1 1999 1 
2 1996 4 
3 1995 5 
4 1991 9 
5 1988 12 
6 1988 12 
7 1986 14 
8 1984 16 
9 1984 16 
10 1979 21 
11 1974 26 
12 1971 29 
13 1971 29 
14 1970 30 
15 1965 35 
16 1962 38 
17 1959 41 
18 1956 44 
19 1955 45 
20 1955 45 
21 1954 46 
22 1952 48 
23 1951 49 
24 1946 54 
25 1947 53 
26 1945 55 
27 1946 54 
28 1942 58 
29 1940 60 
30 1937 63 
31 1935 65 
32 1933 67 
33 1932 68 
34 1929 71 
35 1926 74 
36 1924 76 
37 1922 78 
38 1920 80 
39 1918 82 
40 1916 84 
41 1915 85 
42 1912 88 
43 1910 90 
44 1906 94 
45 1906 94 
46 1902 98 
47 1899 101 
48 1894 106 
49 1895 105 
50 1891 109 
51 1891 109 
52 1885 115 
53 1886 114 
54 1884 116 
55 1885 115 
56 1880 120 
57 1879 121 
58 1875 125 
59 1877 123 
60 1875 125 
61 1874 126 
62 1871 129 
63 1872 128 
64 1867 133 
65 1865 135 
66 1862 138 
67 1861 139 
68 1857 143 
69 1855 145 
70 1849 151 
71 1849 151 
72 1846 154 
73 1846 154 
74 1841 159 
75 1841 159 
76 1838 162 
77 1840 160 
78 1835 165 
79 1833 167 
80 1825 175 
81 1827 173 
82 1824 176 
83 1825 175 
84 1821 179 
85 1821 179 
86 1817 183 
87 1819 181 
88 1817 183 
89 1817 183 
90 1812 188 
91 1814 186 
92 1809 191 
93 1811 189 
94 1805 195 
95 1806 194 
96 1803 197 
97 1802 198 
98 1800 200 
99 1801 199 
100 1797 203 
101 1794 206 
102 1792 208 
103 1792 208 
104 1787 213 
105 1786 214 
106 1782 218 
107 1781 219 
108 1777 223 
109 1779 221 
110 1773 227 
111 1773 227 
112 1769 231 
113 1768 232 
114 1761 239 
115 1764 236 
116 1758 242 
117 1761 239 
118 1757 243 
119 1757 243 
120 1752 248 
121 1753 247 
122 1744 256 
123 1745 255 
124 1741 259 
125 1740 260 
126 1735 265 
127 1737 263 
128 1730 270 
129 1732 268 
130 1724 276 
131 1727 273 
132 1723 277 
133 1724 276 
134 1718 282 
135 1721 279 
136 1717 283 
137 1718 282 
138 1713 287 
139 1712 288 
140 1707 293 
141 1710 290 
142 1705 295 
143 1707 293 
144 1702 298 
145 1703 297 
146 1699 301 
147 1698 302 
148 1692 308 
149 1693 307 
150 1685 315 
151 1687 313 
152 1682 318 
153 1684 316 
154 1678 322 
155 1678 322 
156 1672 328 
157 1675 325 
158 1666 334 
159 1668 332 
160 1661 339 
161 1663 337 
162 1658 342 
163 1660 340 
164 1656 344 
165 1654 346 
166 1648 352 
167 1650 350 
168 1642 358 
169 1643 357 
170 1633 367 
171 1636 364 
172 1632 368 
173 1634 366 
174 1628 372 
175 1627 373 
176 1620 380 
177 1622 378 
178 1617 383 
179 1617 383 
180 1608 392 
181 1607 393 
182 1602 398 
183 1599 401 
184 1596 404 
185 1598 402 
186 1593 407 
187 1595 405 
188 1591 409 
189 1590 410 
190 1584 416 
191 1585 415 
192 1580 420 
193 1582 418 
194 1578 422 
195 1578 422 
196 1574 426 
197 1575 425 
198 1572 428 
199 1572 428 
200 1567 433 
201 1567 433 
202 1560 440 
203 1561 439 
204 1558 442 
205 1560 440 
206 1557 443 
207 1555 445 
208 1551 449 
209 1548 452 
210 1542 458 
211 1543 457 
212 1543 457 
213 1543 457 
214 1541 459 
215 1536 464 
216 1531 469 
217 1532 468 
218 1526 474 
219 1527 473 
220 1522 478 
221 1520 480 
222 1513 487 
223 1509 491 
224 1507 493 
225 1505 495 
226 1502 498 
227 1501 499 
228 1497 503 
229 1496 504 
230 1494 506 
231 1493 507 
232 1490 510 
233 1490 510 
234 1486 514 
235 1486 514 
236 1483 517 
237 1480 520 
238 1478 522 
239 1475 525 
240 1474 526 
241 1471 529 
242 1467 533 
243 1466 534 
244 1462 538 
245 1458 542 
246 1457 543 
247 1456 544 
248 1454 546 
249 1452 548 
250 1450 550 
251 1448 552 
252 1445 555 
253 1443 557 
254 1442 558 
255 1437 563 
256 1436 564 
257 1434 566 
258 1433 567 
259 1431 569 
260 1429 571 
261 1427 573 
262 1426 574 
263 1423 577 
264 1423 577 
265 1416 584 
266 1414 586 
267 1409 591 
268 1410 590 
269 1405 595 
270 1403 597 
271 1398 602 
272 1400 600 
273 1393 607 
274 1394 606 
275 1390 610 
276 1391 609 
277 1385 615 
278 1387 613 
279 1382 618 
280 1381 619 
281 1375 625 
282 1378 622 
283 1373 627 
284 1376 624 
285 1372 628 
286 1372 628 
287 1366 634 
288 1367 633 
289 1363 637 
290 1364 636 
291 1358 642 
292 1358 642 
293 1353 647 
294 1355 645 
295 1350 650 
296 1352 648 
297 1347 653 
298 1346 654 
299 1342 658 
300 1339 661 
301 1337 663 
302 1337 663 
303 1328 672 
304 1327 673 
305 1324 676 
306 1327 673 
307 1323 677 
308 1327 673 
309 1319 681 
310 1323 677 
311 1317 683 
312 1319 681 
313 1313 687 
314 1316 684 
315 1308 692 
316 1310 690 
317 1304 696 
318 1306 694 
319 1301 699 
320 1303 697 
321 1299 701 
322 1301 699 
323 1294 706 
324 1297 703 
325 1293 707 
326 1294 706 
327 1288 712 
328 1291 709 
329 1284 716 
330 1287 713 
331 1283 717 
332 1284 716 
333 1278 722 
334 1279 721 
335 1275 725 
336 1275 725 
337 1272 728 
338 1274 726 
339 1270 730 
340 1271 729 
341 1266 734 
342 1267 733 
343 1259 741 
344 1262 738 
345 1257 743 
346 1262 738 
347 1256 744 
348 1260 740 
349 1253 747 
350 1255 745 
351 1250 750 
352 1252 748 
353 1246 754 
354 1247 753 
355 1241 759 
356 1244 756 
357 1239 761 
358 1242 758 
359 1234 766 
360 1237 763 
361 1231 769 
362 1234 766 
363 1229 771 
364 1232 768 
365 1227 773 
366 1228 772 
367 1222 778 
368 1224 776 
369 1220 780 
370 1220 780 
371 1216 784 
372 1219 781 
373 1215 785 
374 1216 784 
375 1212 788 
376 1217 783 
377 1213 787 
378 1215 785 
379 1213 787 
380 1217 783 
381 1212 788 
382 1215 785 
383 1210 790 
384 1213 787 
385 1204 796 
386 1209 791 
387 1201 799 
388 1208 792 
389 1201 799 
390 1202 798 
391 1197 803 
392 1200 800 
393 1193 807 
394 1194 806 
395 1189 811 
396 1192 808 
397 1186 814 
398 1190 810 
399 1183 817 
400 1187 813 
401 1184 816 
402 1187 813 
403 1180 820 
404 1184 816 
405 1179 821 
406 1181 819 
407 1175 825 
408 1179 821 
409 1174 826 
410 1178 822 
411 1173 827 
412 1178 822 
413 1171 829 
414 1172 828 
415 1164 836 
416 1167 833 
417 1164 836 
418 1168 832 
419 1163 837 
420 1167 833 
421 1162 838 
422 1164 836 
423 1161 839 
424 1164 836 
425 1160 840 
426 1161 839 
427 1156 844 
428 1158 842 
429 1155 845 
430 1157 843 
431 1154 846 
432 1156 844 
433 1152 848 
434 1152 848 
435 1148 852 
436 1153 847 
437 1152 848 
438 1153 847 
439 1150 850 
440 1151 849 
441 1147 853 
442 1149 851 
443 1144 856 
444 1143 857 
445 1139 861 
446 1141 859 
447 1138 862 
448 1139 861 
449 1136 864 
450 1138 862 
451 1133 867 
452 1136 864 
453 1133 867 
454 1135 865 
455 1130 870 
456 1133 867 
457 1131 869 
458 1133 867 
459 1129 871 
460 1129 871 
461 1128 872 
462 1129 871 
463 1125 875 
464 1126 874 
465 1125 875 
466 1123 877 
467 1122 878 
468 1122 878 
469 1121 879 
470 1121 879 
471 1119 881 
472 1118 882 
473 1118 882 
474 1118 882 
475 1115 885 
476 1115 885 
477 1112 888 
478 1113 887 
479 1109 891 
480 1110 890 
481 1107 893 
482 1108 892 
483 1105 895 
484 1105 895 
485 1101 899 
486 1101 899 
487 1097 903 
488 1098 902 
489 1096 904 
490 1098 902 
491 1097 903 
492 1098 902 
493 1097 903 
494 1096 904 
495 1093 907 
496 1093 907 
