0 10000 0 
1 9989 11 
2 9984 16 
3 9977 23 
4 9966 34 
5 9962 38 
6 9958 42 
7 9950 50 
8 9940 60 
9 9933 67 
10 9922 78 
11 9913 87 
12 9905 95 
13 9895 105 
14 9890 110 
15 9883 117 
16 9877 123 
17 9867 133 
18 9858 142 
19 9851 149 
20 9845 155 
21 9836 164 
22 9827 173 
23 9818 182 
24 9810 190 
25 9804 196 
26 9797 203 
27 9792 208 
28 9781 219 
29 9778 222 
30 9766 234 
31 9754 246 
32 9740 260 
33 9731 269 
34 9718 282 
35 9710 290 
36 9697 303 
37 9687 313 
38 9669 331 
39 9663 337 
40 9650 350 
41 9641 359 
42 9629 371 
43 9619 381 
44 9607 393 
45 9602 398 
46 9590 410 
47 9584 416 
48 9573 427 
49 9562 438 
50 9551 449 
51 9539 461 
52 9529 471 
53 9521 479 
54 9509 491 
55 9500 500 
56 9483 517 
57 9478 522 
58 9464 536 
59 9456 544 
60 9440 560 
61 9432 568 
62 9421 579 
63 9418 582 
64 9406 594 
65 9402 598 
66 9386 614 
67 9372 628 
68 9353 647 
69 9341 659 
70 9328 672 
71 9321 679 
72 9312 688 
73 9301 699 
74 9286 714 
75 9275 725 
76 9260 740 
77 9249 751 
78 9231 769 
79 9217 783 
80 9200 800 
81 9188 812 
82 9178 822 
83 9169 831 
84 9160 840 
85 9151 849 
86 9136 864 
87 9127 873 
88 9112 888 
89 9093 907 
90 9079 921 
91 9067 933 
92 9061 939 
93 9043 957 
94 9026 974 
95 9014 986 
96 9001 999 
97 8989 1011 
98 8975 1025 
99 8968 1032 
100 8956 1044 
101 8940 1060 
102 8924 1076 
103 8907 1093 
104 8892 1108 
105 8876 1124 
106 8867 1133 
107 8850 1150 
108 8843 1157 
109 8822 1178 
110 8807 1193 
111 8790 1210 
112 8780 1220 
113 8766 1234 
114 8759 1241 
115 8745 1255 
116 8725 1275 
117 8713 1287 
118 8700 1300 
119 8695 1305 
120 8688 1312 
121 8676 1324 
122 8664 1336 
123 8650 1350 
124 8637 1363 
125 8622 1378 
126 8610 1390 
127 8599 1401 
128 8586 1414 
129 8574 1426 
130 8558 1442 
131 8548 1452 
132 8527 1473 
133 8515 1485 
134 8503 1497 
135 8492 1508 
136 8476 1524 
137 8463 1537 
138 8453 1547 
139 8436 1564 
140 8421 1579 
141 8412 1588 
142 8397 1603 
143 8397 1603 
144 8381 1619 
145 8374 1626 
146 8354 1646 
147 8349 1651 
148 8333 1667 
149 8319 1681 
150 8308 1692 
151 8297 1703 
152 8275 1725 
153 8269 1731 
154 8255 1745 
155 8239 1761 
156 8225 1775 
157 8212 1788 
158 8190 1810 
159 8183 1817 
160 8163 1837 
161 8154 1846 
162 8133 1867 
163 8119 1881 
164 8094 1906 
165 8085 1915 
166 8067 1933 
167 8056 1944 
168 8035 1965 
169 8029 1971 
170 8008 1992 
171 8004 1996 
172 7984 2016 
173 7979 2021 
174 7957 2043 
175 7954 2046 
176 7939 2061 
177 7937 2063 
178 7923 2077 
179 7911 2089 
180 7897 2103 
181 7893 2107 
182 7875 2125 
183 7867 2133 
184 7850 2150 
185 7836 2164 
186 7817 2183 
187 7798 2202 
188 7786 2214 
189 7776 2224 
190 7758 2242 
191 7748 2252 
192 7737 2263 
193 7733 2267 
194 7715 2285 
195 7706 2294 
196 7694 2306 
197 7682 2318 
198 7666 2334 
199 7658 2342 
200 7647 2353 
201 7632 2368 
202 7613 2387 
203 7605 2395 
204 7589 2411 
205 7578 2422 
206 7562 2438 
207 7546 2454 
208 7524 2476 
209 7513 2487 
210 7492 2508 
211 7481 2519 
212 7467 2533 
213 7454 2546 
214 7434 2566 
215 7426 2574 
216 7406 2594 
217 7396 2604 
218 7376 2624 
219 7364 2636 
220 7343 2657 
221 7334 2666 
222 7323 2677 
223 7318 2682 
224 7299 2701 
225 7290 2710 
226 7273 2727 
227 7257 2743 
228 7242 2758 
229 7237 2763 
230 7218 2782 
231 7216 2784 
232 7197 2803 
233 7191 2809 
234 7172 2828 
235 7164 2836 
236 7144 2856 
237 7136 2864 
238 7111 2889 
239 7097 2903 
240 7080 2920 
241 7081 2919 
242 7058 2942 
243 7055 2945 
244 7043 2957 
245 7039 2961 
246 7019 2981 
247 7016 2984 
248 6997 3003 
249 6995 3005 
250 6972 3028 
251 6965 3035 
252 6943 3057 
253 6941 3059 
254 6920 3080 
255 6915 3085 
256 6893 3107 
257 6888 3112 
258 6869 3131 
259 6864 3136 
260 6844 3156 
261 6840 3160 
262 6818 3182 
263 6808 3192 
264 6790 3210 
265 6787 3213 
266 6768 3232 
267 6768 3232 
268 6751 3249 
269 6751 3249 
270 6732 3268 
271 6731 3269 
272 6715 3285 
273 6714 3286 
274 6698 3302 
275 6697 3303 
276 6681 3319 
277 6674 3326 
278 6658 3342 
279 6651 3349 
280 6632 3368 
281 6628 3372 
282 6616 3384 
283 6611 3389 
284 6594 3406 
285 6590 3410 
286 6578 3422 
287 6573 3427 
288 6561 3439 
289 6552 3448 
290 6536 3464 
291 6530 3470 
292 6520 3480 
293 6510 3490 
294 6491 3509 
295 6485 3515 
296 6464 3536 
297 6456 3544 
298 6441 3559 
299 6434 3566 
300 6419 3581 
301 6409 3591 
302 6395 3605 
303 6394 3606 
304 6380 3620 
305 6372 3628 
306 6359 3641 
307 6356 3644 
308 6337 3663 
309 6326 3674 
310 6314 3686 
311 6307 3693 
312 6293 3707 
313 6287 3713 
314 6272 3728 
315 6263 3737 
316 6257 3743 
317 6243 3757 
318 6238 3762 
319 6222 3778 
320 6213 3787 
321 6204 3796 
322 6195 3805 
323 6189 3811 
324 6183 3817 
325 6164 3836 
326 6156 3844 
327 6149 3851 
328 6136 3864 
329 6130 3870 
330 6122 3878 
331 6111 3889 
332 6098 3902 
333 6090 3910 
334 6080 3920 
335 6077 3923 
336 6067 3933 
337 6058 3942 
338 6049 3951 
339 6042 3958 
340 6030 3970 
341 6017 3983 
342 6006 3994 
343 6005 3995 
344 5998 4002 
345 5996 4004 
346 5989 4011 
347 5981 4019 
348 5971 4029 
349 5966 4034 
350 5956 4044 
351 5951 4049 
352 5944 4056 
353 5935 4065 
354 5925 4075 
355 5917 4083 
356 5903 4097 
357 5895 4105 
358 5888 4112 
359 5878 4122 
360 5870 4130 
361 5860 4140 
362 5852 4148 
363 5848 4152 
364 5842 4158 
365 5835 4165 
366 5826 4174 
367 5812 4188 
368 5807 4193 
369 5802 4198 
370 5792 4208 
371 5782 4218 
372 5775 4225 
373 5765 4235 
374 5757 4243 
375 5746 4254 
376 5738 4262 
377 5734 4266 
378 5724 4276 
379 5716 4284 
380 5710 4290 
381 5705 4295 
382 5698 4302 
383 5691 4309 
384 5687 4313 
385 5679 4321 
386 5666 4334 
387 5655 4345 
388 5648 4352 
389 5643 4357 
390 5634 4366 
391 5635 4365 
392 5622 4378 
393 5620 4380 
394 5617 4383 
395 5610 4390 
396 5607 4393 
397 5603 4397 
398 5593 4407 
399 5590 4410 
400 5586 4414 
401 5579 4421 
402 5568 4432 
403 5563 4437 
404 5552 4448 
405 5546 4454 
406 5542 4458 
407 5534 4466 
408 5523 4477 
409 5517 4483 
410 5512 4488 
411 5506 4494 
412 5503 4497 
413 5494 4506 
414 5484 4516 
415 5476 4524 
416 5465 4535 
417 5455 4545 
418 5448 4552 
419 5440 4560 
420 5436 4564 
421 5430 4570 
422 5426 4574 
