0 2000 0 
1 1996 4 
2 1996 4 
3 1994 6 
4 1991 9 
5 1989 11 
6 1987 13 
7 1985 15 
8 1982 18 
9 1980 20 
10 1977 23 
11 1977 23 
12 1972 28 
13 1968 32 
14 1963 37 
15 1962 38 
16 1959 41 
17 1957 43 
18 1955 45 
19 1951 49 
20 1949 51 
21 1948 52 
22 1945 55 
23 1940 60 
24 1939 61 
25 1937 63 
26 1937 63 
27 1932 68 
28 1930 70 
29 1925 75 
30 1926 74 
31 1924 76 
32 1922 78 
33 1918 82 
34 1916 84 
35 1914 86 
36 1913 87 
37 1911 89 
38 1911 89 
39 1908 92 
40 1907 93 
41 1903 97 
42 1901 99 
43 1898 102 
44 1897 103 
45 1892 108 
46 1892 108 
47 1891 109 
48 1888 112 
49 1885 115 
50 1884 116 
51 1882 118 
52 1878 122 
53 1876 124 
54 1875 125 
55 1871 129 
56 1871 129 
57 1866 134 
58 1863 137 
59 1857 143 
60 1856 144 
61 1853 147 
62 1853 147 
63 1851 149 
64 1846 154 
65 1846 154 
66 1842 158 
67 1838 162 
68 1837 163 
69 1834 166 
70 1833 167 
71 1831 169 
72 1829 171 
73 1826 174 
74 1825 175 
75 1824 176 
76 1820 180 
77 1816 184 
78 1812 188 
79 1807 193 
80 1803 197 
81 1795 205 
82 1793 207 
83 1790 210 
84 1789 211 
85 1786 214 
86 1785 215 
87 1782 218 
88 1779 221 
89 1776 224 
90 1771 229 
91 1768 232 
92 1765 235 
93 1761 239 
94 1760 240 
95 1756 244 
96 1752 248 
97 1747 253 
98 1740 260 
99 1736 264 
100 1734 266 
101 1731 269 
102 1730 270 
103 1729 271 
104 1725 275 
105 1722 278 
106 1718 282 
107 1716 284 
108 1709 291 
109 1705 295 
110 1704 296 
111 1704 296 
112 1702 298 
113 1701 299 
114 1699 301 
115 1698 302 
116 1696 304 
117 1696 304 
118 1692 308 
119 1688 312 
120 1683 317 
121 1681 319 
122 1675 325 
123 1674 326 
124 1671 329 
125 1670 330 
126 1665 335 
127 1665 335 
128 1660 340 
129 1659 341 
130 1654 346 
131 1654 346 
132 1648 352 
133 1645 355 
134 1637 363 
135 1633 367 
136 1628 372 
137 1625 375 
138 1620 380 
139 1618 382 
140 1613 387 
141 1610 390 
142 1600 400 
143 1596 404 
144 1589 411 
145 1587 413 
146 1583 417 
147 1582 418 
148 1578 422 
149 1577 423 
150 1574 426 
151 1573 427 
152 1567 433 
153 1565 435 
154 1559 441 
155 1559 441 
156 1550 450 
157 1548 452 
158 1539 461 
159 1535 465 
160 1530 470 
161 1529 471 
162 1525 475 
163 1525 475 
164 1518 482 
165 1516 484 
166 1511 489 
167 1509 491 
168 1504 496 
169 1503 497 
170 1498 502 
171 1497 503 
172 1488 512 
173 1488 512 
174 1484 516 
175 1484 516 
176 1480 520 
177 1482 518 
178 1477 523 
179 1476 524 
180 1468 532 
181 1470 530 
182 1463 537 
183 1464 536 
184 1457 543 
185 1458 542 
186 1448 552 
187 1446 554 
188 1439 561 
189 1441 559 
190 1434 566 
191 1435 565 
192 1432 568 
193 1431 569 
194 1424 576 
195 1424 576 
196 1416 584 
197 1412 588 
198 1406 594 
199 1406 594 
200 1401 599 
201 1400 600 
202 1391 609 
203 1389 611 
204 1383 617 
205 1383 617 
206 1379 621 
207 1380 620 
208 1374 626 
209 1375 625 
210 1368 632 
211 1368 632 
212 1362 638 
213 1359 641 
214 1355 645 
215 1354 646 
216 1347 653 
217 1347 653 
218 1342 658 
219 1342 658 
220 1339 661 
221 1341 659 
222 1337 663 
223 1337 663 
224 1330 670 
225 1329 671 
226 1325 675 
227 1326 674 
228 1320 680 
229 1323 677 
230 1315 685 
231 1315 685 
232 1307 693 
233 1306 694 
234 1299 701 
235 1299 701 
236 1292 708 
237 1288 712 
238 1281 719 
239 1279 721 
240 1275 725 
241 1277 723 
242 1269 731 
243 1269 731 
244 1266 734 
245 1269 731 
246 1264 736 
247 1262 738 
248 1257 743 
249 1256 744 
250 1250 750 
251 1253 747 
252 1249 751 
253 1250 750 
254 1246 754 
255 1246 754 
256 1244 756 
257 1242 758 
258 1236 764 
259 1236 764 
260 1231 769 
261 1231 769 
262 1226 774 
263 1227 773 
264 1223 777 
265 1223 777 
266 1220 780 
267 1217 783 
268 1213 787 
269 1212 788 
270 1209 791 
271 1207 793 
272 1204 796 
273 1204 796 
274 1201 799 
275 1198 802 
276 1193 807 
277 1193 807 
278 1187 813 
279 1186 814 
280 1182 818 
281 1180 820 
282 1175 825 
283 1174 826 
284 1170 830 
285 1171 829 
286 1169 831 
287 1169 831 
288 1163 837 
289 1162 838 
290 1158 842 
291 1155 845 
292 1151 849 
293 1152 848 
294 1148 852 
295 1146 854 
296 1145 855 
297 1147 853 
298 1143 857 
299 1142 858 
300 1139 861 
301 1137 863 
302 1135 865 
303 1132 868 
304 1130 870 
305 1130 870 
306 1127 873 
307 1123 877 
308 1123 877 
309 1118 882 
310 1119 881 
311 1117 883 
312 1119 881 
313 1116 884 
314 1116 884 
315 1110 890 
316 1110 890 
317 1103 897 
318 1099 901 
319 1095 905 
320 1092 908 
321 1088 912 
322 1089 911 
323 1087 913 
324 1087 913 
325 1084 916 
326 1084 916 
327 1080 920 
