0 1000 0 
1 997 3 
2 997 3 
3 997 3 
4 997 3 
5 997 3 
6 997 3 
7 997 3 
8 996 4 
9 996 4 
10 996 4 
11 994 6 
12 994 6 
13 994 6 
14 993 7 
15 993 7 
16 992 8 
17 990 10 
18 990 10 
19 988 12 
20 986 14 
21 985 15 
22 985 15 
23 985 15 
24 985 15 
25 985 15 
26 983 17 
27 981 19 
28 979 21 
29 978 22 
30 978 22 
31 978 22 
32 978 22 
33 978 22 
34 977 23 
35 977 23 
36 976 24 
37 976 24 
38 975 25 
39 975 25 
40 974 26 
41 974 26 
42 974 26 
43 972 28 
44 972 28 
45 970 30 
46 969 31 
47 966 34 
48 966 34 
49 965 35 
50 964 36 
51 962 38 
52 961 39 
53 961 39 
54 960 40 
55 959 41 
56 959 41 
57 956 44 
58 956 44 
59 955 45 
60 956 44 
61 954 46 
62 954 46 
63 952 48 
64 953 47 
65 952 48 
66 953 47 
67 951 49 
68 951 49 
69 948 52 
70 948 52 
71 945 55 
72 944 56 
73 943 57 
74 941 59 
75 940 60 
76 940 60 
77 940 60 
78 939 61 
79 938 62 
80 938 62 
81 937 63 
82 936 64 
83 936 64 
84 935 65 
85 935 65 
86 935 65 
87 934 66 
88 934 66 
89 930 70 
90 930 70 
91 928 72 
92 928 72 
93 925 75 
94 924 76 
95 922 78 
96 922 78 
97 921 79 
98 922 78 
99 920 80 
100 920 80 
101 918 82 
102 918 82 
103 914 86 
104 915 85 
105 914 86 
106 914 86 
107 912 88 
108 913 87 
109 909 91 
110 907 93 
111 905 95 
112 906 94 
113 904 96 
114 906 94 
115 903 97 
116 904 96 
117 900 100 
118 902 98 
119 899 101 
120 901 99 
121 897 103 
122 898 102 
123 895 105 
124 896 104 
125 892 108 
126 894 106 
127 892 108 
128 892 108 
129 890 110 
130 892 108 
131 890 110 
132 892 108 
133 889 111 
134 889 111 
135 886 114 
136 886 114 
137 883 117 
138 885 115 
139 881 119 
140 882 118 
141 880 120 
142 882 118 
143 879 121 
144 880 120 
145 876 124 
146 878 122 
147 873 127 
148 876 124 
149 873 127 
150 874 126 
151 869 131 
152 871 129 
153 867 133 
154 869 131 
155 867 133 
156 869 131 
157 864 136 
158 865 135 
159 861 139 
160 861 139 
161 857 143 
162 858 142 
163 855 145 
164 857 143 
165 854 146 
166 853 147 
167 850 150 
168 849 151 
169 847 153 
170 849 151 
171 846 154 
172 847 153 
173 843 157 
174 845 155 
175 840 160 
176 842 158 
177 838 162 
178 839 161 
179 837 163 
180 838 162 
181 833 167 
182 835 165 
183 831 169 
184 830 170 
185 826 174 
186 827 173 
187 825 175 
188 827 173 
189 824 176 
190 822 178 
191 820 180 
192 819 181 
193 817 183 
194 814 186 
195 810 190 
196 810 190 
197 808 192 
198 808 192 
199 805 195 
200 806 194 
201 805 195 
202 805 195 
203 804 196 
204 804 196 
205 803 197 
206 803 197 
207 801 199 
208 801 199 
209 798 202 
210 799 201 
211 797 203 
212 795 205 
213 794 206 
214 794 206 
215 793 207 
216 794 206 
217 792 208 
218 794 206 
219 794 206 
220 794 206 
221 790 210 
222 790 210 
223 788 212 
224 789 211 
225 786 214 
226 786 214 
227 783 217 
228 785 215 
229 780 220 
230 780 220 
231 776 224 
232 778 222 
233 775 225 
234 777 223 
235 772 228 
236 772 228 
237 769 231 
238 771 229 
239 769 231 
240 771 229 
241 771 229 
242 772 228 
243 770 230 
244 770 230 
245 768 232 
246 769 231 
247 770 230 
248 770 230 
249 771 229 
250 771 229 
251 769 231 
252 770 230 
253 767 233 
254 766 234 
255 764 236 
256 766 234 
257 765 235 
258 765 235 
259 764 236 
260 764 236 
261 763 237 
262 762 238 
263 760 240 
264 759 241 
265 759 241 
266 759 241 
267 758 242 
268 758 242 
269 756 244 
270 757 243 
271 756 244 
272 756 244 
273 755 245 
274 754 246 
275 750 250 
276 750 250 
277 751 249 
278 749 251 
279 748 252 
280 747 253 
281 748 252 
282 747 253 
283 747 253 
284 746 254 
285 747 253 
286 746 254 
287 744 256 
288 741 259 
289 742 258 
290 739 261 
291 740 260 
292 739 261 
293 739 261 
294 738 262 
295 740 260 
296 738 262 
297 739 261 
298 735 265 
299 736 264 
300 734 266 
301 735 265 
302 733 267 
303 735 265 
304 733 267 
305 735 265 
306 732 268 
307 733 267 
308 732 268 
309 733 267 
310 729 271 
311 729 271 
312 727 273 
313 726 274 
314 725 275 
315 725 275 
316 722 278 
317 723 277 
318 721 279 
319 722 278 
320 721 279 
321 722 278 
322 720 280 
323 719 281 
324 716 284 
325 716 284 
326 715 285 
327 716 284 
328 714 286 
329 713 287 
330 711 289 
331 712 288 
332 709 291 
333 710 290 
334 709 291 
335 708 292 
336 706 294 
337 705 295 
338 704 296 
339 705 295 
340 703 297 
341 704 296 
342 702 298 
343 703 297 
344 700 300 
345 701 299 
346 699 301 
347 699 301 
348 697 303 
349 698 302 
350 697 303 
351 696 304 
352 695 305 
353 695 305 
354 696 304 
355 693 307 
356 692 308 
357 687 313 
358 686 314 
359 685 315 
360 684 316 
361 685 315 
362 685 315 
363 684 316 
364 683 317 
365 683 317 
366 681 319 
367 681 319 
368 681 319 
369 682 318 
370 681 319 
371 683 317 
372 681 319 
373 681 319 
374 680 320 
375 682 318 
376 682 318 
377 683 317 
378 682 318 
379 683 317 
380 683 317 
381 683 317 
382 682 318 
383 682 318 
384 681 319 
385 681 319 
386 681 319 
387 683 317 
388 683 317 
389 683 317 
390 682 318 
391 682 318 
392 681 319 
393 681 319 
394 681 319 
395 682 318 
396 681 319 
397 682 318 
398 681 319 
399 681 319 
400 679 321 
401 680 320 
402 678 322 
403 678 322 
404 677 323 
405 678 322 
406 675 325 
407 677 323 
408 675 325 
409 676 324 
410 673 327 
411 676 324 
412 672 328 
413 674 326 
414 673 327 
415 672 328 
416 670 330 
417 672 328 
418 669 331 
419 670 330 
420 668 332 
421 669 331 
422 667 333 
423 670 330 
424 668 332 
425 668 332 
426 666 334 
427 668 332 
428 665 335 
429 664 336 
430 664 336 
431 663 337 
432 662 338 
433 662 338 
434 662 338 
435 662 338 
436 660 340 
437 660 340 
438 659 341 
439 659 341 
440 659 341 
441 659 341 
442 658 342 
443 658 342 
444 657 343 
445 657 343 
446 656 344 
447 656 344 
448 656 344 
449 654 346 
450 654 346 
451 653 347 
452 654 346 
453 654 346 
454 654 346 
455 652 348 
456 650 350 
457 650 350 
458 649 351 
459 648 352 
460 647 353 
461 646 354 
462 646 354 
463 644 356 
464 645 355 
465 645 355 
466 644 356 
467 642 358 
468 643 357 
469 642 358 
470 642 358 
471 642 358 
472 640 360 
473 640 360 
474 640 360 
475 638 362 
476 639 361 
477 637 363 
478 636 364 
479 635 365 
480 635 365 
481 636 364 
482 635 365 
483 634 366 
484 633 367 
485 634 366 
486 633 367 
487 634 366 
488 634 366 
489 634 366 
490 634 366 
491 633 367 
492 635 365 
493 634 366 
494 632 368 
495 632 368 
496 632 368 
497 631 369 
498 630 370 
499 629 371 
500 627 373 
501 627 373 
502 627 373 
503 627 373 
504 625 375 
505 624 376 
506 622 378 
507 621 379 
508 621 379 
509 621 379 
510 622 378 
511 622 378 
512 622 378 
513 624 376 
514 624 376 
515 624 376 
516 624 376 
517 623 377 
518 623 377 
519 623 377 
520 622 378 
521 622 378 
522 622 378 
523 621 379 
524 622 378 
525 622 378 
526 623 377 
527 624 376 
528 624 376 
529 621 379 
530 621 379 
531 621 379 
532 618 382 
533 617 383 
534 617 383 
535 617 383 
536 617 383 
537 616 384 
538 616 384 
539 616 384 
540 617 383 
541 616 384 
542 615 385 
543 614 386 
544 613 387 
545 613 387 
546 613 387 
547 613 387 
548 613 387 
549 614 386 
550 614 386 
551 612 388 
552 610 390 
553 610 390 
554 612 388 
555 612 388 
556 611 389 
557 611 389 
558 611 389 
559 611 389 
560 612 388 
561 611 389 
562 612 388 
563 611 389 
564 612 388 
565 612 388 
566 613 387 
567 612 388 
568 612 388 
569 612 388 
570 613 387 
571 613 387 
572 614 386 
573 613 387 
574 614 386 
575 612 388 
576 613 387 
577 612 388 
578 612 388 
579 611 389 
580 612 388 
581 611 389 
582 610 390 
583 610 390 
584 610 390 
585 610 390 
586 611 389 
587 612 388 
588 610 390 
589 609 391 
590 608 392 
591 608 392 
592 608 392 
593 607 393 
594 608 392 
595 608 392 
596 608 392 
597 608 392 
598 608 392 
599 609 391 
600 609 391 
601 610 390 
602 610 390 
603 610 390 
604 610 390 
605 609 391 
606 609 391 
607 610 390 
608 610 390 
609 610 390 
610 609 391 
611 609 391 
612 609 391 
613 609 391 
614 608 392 
615 608 392 
616 606 394 
617 607 393 
618 607 393 
619 607 393 
620 608 392 
621 608 392 
622 608 392 
623 609 391 
624 609 391 
625 609 391 
626 609 391 
627 609 391 
628 607 393 
629 607 393 
630 608 392 
631 609 391 
632 609 391 
633 610 390 
634 611 389 
635 611 389 
636 611 389 
637 610 390 
638 612 388 
639 613 387 
640 613 387 
641 613 387 
642 613 387 
643 613 387 
644 614 386 
645 612 388 
646 612 388 
647 611 389 
648 612 388 
649 611 389 
650 612 388 
651 613 387 
652 613 387 
653 612 388 
654 612 388 
655 611 389 
656 611 389 
657 613 387 
658 613 387 
659 614 386 
660 614 386 
661 615 385 
662 616 384 
663 615 385 
664 615 385 
665 616 384 
666 616 384 
667 617 383 
668 618 382 
669 616 384 
670 616 384 
671 616 384 
672 615 385 
673 614 386 
674 613 387 
675 613 387 
676 613 387 
677 614 386 
678 615 385 
679 615 385 
680 616 384 
681 615 385 
682 614 386 
683 614 386 
684 613 387 
685 613 387 
686 614 386 
687 614 386 
688 615 385 
689 614 386 
690 614 386 
691 615 385 
692 615 385 
693 615 385 
694 615 385 
695 614 386 
696 615 385 
697 613 387 
698 613 387 
699 614 386 
700 614 386 
701 614 386 
702 614 386 
703 614 386 
704 613 387 
705 613 387 
706 614 386 
707 616 384 
708 616 384 
709 614 386 
710 616 384 
711 616 384 
712 618 382 
713 619 381 
714 620 380 
715 617 383 
716 618 382 
717 617 383 
718 618 382 
719 615 385 
720 615 385 
721 614 386 
722 615 385 
723 613 387 
724 614 386 
725 615 385 
726 616 384 
727 617 383 
728 615 385 
729 615 385 
730 613 387 
731 615 385 
732 615 385 
733 616 384 
734 616 384 
735 618 382 
736 616 384 
737 617 383 
738 617 383 
739 617 383 
740 617 383 
741 618 382 
742 617 383 
743 619 381 
744 619 381 
745 620 380 
746 618 382 
747 619 381 
748 617 383 
749 619 381 
750 619 381 
751 620 380 
752 618 382 
753 620 380 
754 618 382 
755 619 381 
756 617 383 
757 618 382 
758 618 382 
759 619 381 
760 620 380 
761 620 380 
762 618 382 
763 619 381 
764 616 384 
765 616 384 
766 615 385 
767 614 386 
768 614 386 
769 614 386 
770 613 387 
771 612 388 
772 613 387 
773 612 388 
774 612 388 
775 611 389 
776 612 388 
777 612 388 
778 612 388 
779 612 388 
780 611 389 
781 611 389 
782 611 389 
783 610 390 
784 610 390 
785 610 390 
786 610 390 
787 610 390 
788 612 388 
789 612 388 
790 611 389 
791 610 390 
792 611 389 
793 609 391 
794 609 391 
795 609 391 
796 610 390 
797 610 390 
798 612 388 
799 612 388 
800 613 387 
801 613 387 
802 613 387 
803 613 387 
804 613 387 
805 614 386 
806 615 385 
807 614 386 
808 613 387 
809 613 387 
810 613 387 
811 613 387 
812 614 386 
813 614 386 
814 614 386 
815 614 386 
816 614 386 
817 615 385 
818 617 383 
819 617 383 
820 617 383 
821 617 383 
822 617 383 
823 616 384 
824 615 385 
825 615 385 
826 615 385 
827 616 384 
828 616 384 
829 615 385 
830 615 385 
831 614 386 
832 616 384 
833 616 384 
834 617 383 
835 617 383 
836 619 381 
837 619 381 
838 619 381 
839 621 379 
840 621 379 
841 622 378 
842 622 378 
843 622 378 
844 622 378 
845 622 378 
846 621 379 
847 623 377 
848 623 377 
849 623 377 
850 622 378 
851 622 378 
852 623 377 
853 622 378 
854 622 378 
855 622 378 
856 622 378 
857 622 378 
858 621 379 
859 620 380 
860 619 381 
861 620 380 
862 620 380 
863 621 379 
864 618 382 
865 618 382 
866 616 384 
867 615 385 
868 613 387 
869 613 387 
870 613 387 
871 614 386 
872 613 387 
873 614 386 
874 613 387 
875 615 385 
876 615 385 
877 616 384 
878 617 383 
879 616 384 
880 617 383 
881 616 384 
882 616 384 
883 615 385 
884 615 385 
885 613 387 
886 614 386 
887 613 387 
888 613 387 
889 612 388 
890 613 387 
891 613 387 
892 614 386 
893 613 387 
894 615 385 
895 616 384 
896 617 383 
897 617 383 
898 618 382 
899 617 383 
900 618 382 
901 617 383 
902 617 383 
903 617 383 
904 618 382 
905 617 383 
906 617 383 
907 616 384 
908 617 383 
909 615 385 
910 617 383 
911 615 385 
912 615 385 
913 614 386 
914 613 387 
915 613 387 
916 614 386 
917 614 386 
918 614 386 
919 614 386 
920 614 386 
921 615 385 
922 615 385 
923 615 385 
924 615 385 
925 615 385 
926 615 385 
927 614 386 
928 615 385 
929 615 385 
930 616 384 
931 617 383 
932 617 383 
933 615 385 
934 615 385 
935 617 383 
936 617 383 
937 617 383 
938 616 384 
939 617 383 
940 617 383 
941 616 384 
942 617 383 
943 617 383 
944 617 383 
945 618 382 
946 619 381 
947 619 381 
948 618 382 
949 621 379 
950 621 379 
951 620 380 
952 620 380 
953 621 379 
954 619 381 
955 620 380 
956 620 380 
957 621 379 
958 623 377 
959 621 379 
960 622 378 
961 622 378 
962 621 379 
963 621 379 
964 621 379 
965 621 379 
966 621 379 
967 621 379 
968 619 381 
969 618 382 
970 617 383 
971 618 382 
972 617 383 
973 619 381 
974 618 382 
975 620 380 
976 620 380 
977 620 380 
978 620 380 
979 619 381 
980 620 380 
981 621 379 
982 620 380 
983 620 380 
984 620 380 
985 622 378 
986 621 379 
987 623 377 
988 624 376 
989 624 376 
990 624 376 
991 624 376 
992 626 374 
993 628 372 
994 628 372 
995 628 372 
996 627 373 
997 629 371 
998 628 372 
999 628 372 
1000 629 371 
1001 630 370 
1002 630 370 
1003 630 370 
1004 629 371 
1005 629 371 
1006 630 370 
1007 631 369 
1008 631 369 
1009 632 368 
1010 630 370 
1011 630 370 
1012 630 370 
1013 630 370 
1014 631 369 
1015 630 370 
1016 630 370 
1017 630 370 
1018 630 370 
1019 631 369 
1020 631 369 
1021 630 370 
1022 630 370 
1023 630 370 
1024 629 371 
1025 629 371 
1026 629 371 
1027 629 371 
1028 628 372 
1029 628 372 
1030 626 374 
1031 626 374 
1032 626 374 
1033 627 373 
1034 628 372 
1035 627 373 
1036 628 372 
1037 628 372 
1038 629 371 
1039 629 371 
1040 629 371 
1041 627 373 
1042 627 373 
1043 628 372 
1044 627 373 
1045 627 373 
1046 628 372 
1047 627 373 
1048 628 372 
1049 628 372 
1050 629 371 
1051 629 371 
1052 630 370 
1053 630 370 
1054 630 370 
1055 631 369 
1056 632 368 
1057 631 369 
1058 630 370 
1059 630 370 
1060 630 370 
1061 628 372 
1062 628 372 
1063 628 372 
1064 627 373 
1065 627 373 
1066 627 373 
1067 627 373 
1068 628 372 
1069 628 372 
1070 629 371 
1071 630 370 
1072 631 369 
1073 631 369 
1074 632 368 
1075 633 367 
1076 634 366 
1077 635 365 
1078 634 366 
1079 633 367 
1080 634 366 
1081 634 366 
1082 635 365 
1083 635 365 
1084 635 365 
1085 636 364 
1086 636 364 
1087 637 363 
1088 637 363 
1089 637 363 
1090 638 362 
1091 637 363 
1092 637 363 
1093 636 364 
1094 635 365 
1095 635 365 
1096 635 365 
1097 635 365 
1098 635 365 
1099 634 366 
1100 637 363 
1101 637 363 
1102 636 364 
1103 636 364 
1104 637 363 
1105 636 364 
1106 635 365 
1107 635 365 
1108 634 366 
1109 634 366 
1110 634 366 
1111 638 362 
1112 637 363 
1113 638 362 
1114 637 363 
1115 636 364 
1116 634 366 
1117 634 366 
1118 637 363 
1119 637 363 
1120 638 362 
1121 636 364 
1122 636 364 
1123 634 366 
1124 634 366 
1125 634 366 
1126 633 367 
1127 633 367 
1128 631 369 
1129 631 369 
1130 630 370 
1131 630 370 
1132 631 369 
1133 630 370 
1134 630 370 
1135 630 370 
1136 630 370 
1137 632 368 
1138 632 368 
1139 632 368 
1140 632 368 
1141 631 369 
1142 632 368 
1143 633 367 
1144 633 367 
1145 633 367 
1146 634 366 
1147 634 366 
1148 634 366 
1149 634 366 
1150 634 366 
1151 636 364 
1152 636 364 
1153 637 363 
1154 637 363 
1155 637 363 
1156 637 363 
1157 639 361 
1158 639 361 
1159 636 364 
1160 635 365 
1161 635 365 
1162 636 364 
1163 636 364 
1164 636 364 
1165 636 364 
1166 636 364 
1167 636 364 
1168 636 364 
1169 636 364 
1170 636 364 
1171 635 365 
1172 636 364 
1173 637 363 
1174 637 363 
1175 636 364 
1176 638 362 
1177 638 362 
1178 636 364 
1179 636 364 
1180 635 365 
1181 635 365 
1182 633 367 
1183 633 367 
1184 633 367 
1185 631 369 
1186 631 369 
1187 631 369 
1188 632 368 
1189 632 368 
1190 632 368 
1191 632 368 
1192 633 367 
1193 633 367 
1194 633 367 
1195 633 367 
1196 634 366 
1197 632 368 
1198 631 369 
1199 630 370 
1200 630 370 
1201 629 371 
1202 628 372 
1203 628 372 
1204 627 373 
1205 627 373 
1206 627 373 
1207 627 373 
1208 626 374 
1209 626 374 
1210 627 373 
1211 627 373 
1212 627 373 
1213 626 374 
1214 626 374 
1215 626 374 
1216 625 375 
1217 626 374 
1218 626 374 
1219 626 374 
1220 626 374 
1221 624 376 
1222 623 377 
1223 624 376 
1224 623 377 
1225 621 379 
1226 621 379 
1227 621 379 
1228 621 379 
1229 621 379 
1230 621 379 
1231 621 379 
1232 621 379 
1233 620 380 
1234 619 381 
1235 615 385 
1236 615 385 
1237 613 387 
1238 614 386 
1239 611 389 
1240 612 388 
1241 612 388 
1242 612 388 
1243 610 390 
1244 610 390 
1245 610 390 
1246 613 387 
1247 611 389 
1248 612 388 
1249 611 389 
1250 611 389 
1251 608 392 
1252 610 390 
1253 609 391 
1254 609 391 
1255 606 394 
1256 607 393 
1257 606 394 
1258 606 394 
1259 605 395 
1260 607 393 
1261 606 394 
1262 607 393 
1263 606 394 
1264 607 393 
1265 605 395 
1266 603 397 
1267 602 398 
1268 601 399 
1269 600 400 
1270 599 401 
1271 597 403 
1272 597 403 
1273 594 406 
1274 593 407 
1275 592 408 
1276 594 406 
1277 592 408 
1278 591 409 
1279 590 410 
1280 590 410 
1281 588 412 
1282 589 411 
1283 588 412 
1284 588 412 
1285 588 412 
1286 588 412 
1287 589 411 
1288 589 411 
1289 589 411 
1290 589 411 
1291 591 409 
1292 590 410 
1293 589 411 
1294 589 411 
1295 587 413 
1296 585 415 
1297 586 414 
1298 586 414 
1299 586 414 
1300 587 413 
1301 587 413 
1302 588 412 
1303 588 412 
1304 588 412 
1305 587 413 
1306 585 415 
1307 585 415 
1308 584 416 
1309 585 415 
1310 584 416 
1311 582 418 
1312 582 418 
1313 582 418 
1314 580 420 
1315 579 421 
1316 580 420 
1317 582 418 
1318 582 418 
1319 584 416 
1320 585 415 
1321 585 415 
1322 585 415 
1323 586 414 
1324 583 417 
1325 583 417 
1326 581 419 
1327 582 418 
1328 580 420 
1329 581 419 
1330 580 420 
1331 581 419 
1332 581 419 
1333 582 418 
1334 581 419 
1335 582 418 
1336 581 419 
1337 582 418 
1338 583 417 
1339 584 416 
1340 583 417 
1341 584 416 
1342 581 419 
1343 581 419 
1344 579 421 
1345 580 420 
1346 580 420 
1347 581 419 
1348 580 420 
1349 581 419 
1350 582 418 
1351 582 418 
1352 581 419 
1353 582 418 
1354 580 420 
1355 581 419 
1356 580 420 
1357 581 419 
1358 579 421 
1359 579 421 
1360 578 422 
1361 580 420 
1362 579 421 
1363 581 419 
1364 580 420 
1365 580 420 
1366 577 423 
1367 578 422 
1368 577 423 
1369 578 422 
1370 577 423 
1371 578 422 
1372 578 422 
1373 577 423 
1374 575 425 
1375 576 424 
1376 575 425 
1377 577 423 
1378 575 425 
1379 575 425 
1380 573 427 
1381 574 426 
1382 573 427 
1383 572 428 
1384 570 430 
1385 571 429 
1386 570 430 
1387 571 429 
1388 569 431 
1389 572 428 
1390 570 430 
1391 572 428 
1392 569 431 
1393 570 430 
1394 568 432 
1395 571 429 
1396 569 431 
1397 570 430 
1398 566 434 
1399 569 431 
1400 566 434 
1401 567 433 
1402 564 436 
1403 566 434 
1404 562 438 
1405 565 435 
1406 563 437 
1407 565 435 
1408 561 439 
1409 564 436 
1410 563 437 
1411 566 434 
1412 563 437 
1413 565 435 
1414 562 438 
1415 566 434 
1416 562 438 
1417 566 434 
1418 562 438 
1419 566 434 
1420 561 439 
1421 565 435 
1422 561 439 
1423 564 436 
1424 557 443 
1425 561 439 
1426 558 442 
1427 560 440 
1428 556 444 
1429 561 439 
1430 558 442 
1431 561 439 
1432 557 443 
1433 559 441 
1434 556 444 
1435 561 439 
1436 558 442 
1437 561 439 
1438 558 442 
1439 562 438 
1440 559 441 
1441 561 439 
1442 558 442 
1443 561 439 
1444 557 443 
1445 560 440 
1446 557 443 
1447 561 439 
1448 559 441 
1449 563 437 
1450 561 439 
1451 563 437 
1452 560 440 
1453 562 438 
1454 559 441 
1455 561 439 
1456 557 443 
1457 560 440 
1458 557 443 
1459 560 440 
1460 556 444 
1461 559 441 
1462 556 444 
1463 559 441 
1464 557 443 
1465 561 439 
1466 558 442 
1467 562 438 
1468 559 441 
1469 562 438 
1470 560 440 
1471 562 438 
1472 561 439 
1473 565 435 
1474 561 439 
1475 562 438 
1476 561 439 
1477 562 438 
1478 559 441 
1479 561 439 
1480 558 442 
1481 561 439 
1482 558 442 
1483 561 439 
1484 559 441 
1485 562 438 
1486 559 441 
1487 562 438 
1488 558 442 
1489 561 439 
1490 558 442 
1491 560 440 
1492 557 443 
1493 561 439 
1494 560 440 
1495 563 437 
1496 560 440 
1497 563 437 
1498 561 439 
1499 563 437 
1500 560 440 
1501 563 437 
1502 560 440 
1503 562 438 
1504 559 441 
1505 563 437 
1506 560 440 
1507 564 436 
1508 562 438 
1509 564 436 
1510 560 440 
1511 562 438 
1512 559 441 
1513 561 439 
1514 557 443 
1515 559 441 
1516 556 444 
1517 558 442 
1518 556 444 
1519 561 439 
1520 557 443 
1521 557 443 
1522 554 446 
1523 557 443 
1524 555 445 
1525 559 441 
1526 556 444 
1527 559 441 
1528 556 444 
1529 558 442 
1530 554 446 
1531 559 441 
1532 556 444 
1533 560 440 
1534 556 444 
1535 559 441 
1536 556 444 
1537 558 442 
1538 557 443 
1539 562 438 
1540 558 442 
1541 562 438 
1542 559 441 
1543 563 437 
1544 560 440 
1545 563 437 
1546 560 440 
1547 565 435 
1548 562 438 
1549 565 435 
1550 561 439 
1551 564 436 
1552 560 440 
1553 563 437 
1554 561 439 
1555 561 439 
1556 557 443 
1557 560 440 
1558 557 443 
1559 558 442 
1560 557 443 
1561 557 443 
1562 555 445 
1563 556 444 
1564 555 445 
1565 556 444 
1566 555 445 
1567 554 446 
1568 555 445 
1569 556 444 
1570 554 446 
1571 555 445 
1572 553 447 
1573 554 446 
1574 553 447 
1575 557 443 
1576 556 444 
1577 556 444 
1578 555 445 
1579 554 446 
1580 554 446 
1581 555 445 
1582 554 446 
1583 556 444 
1584 555 445 
1585 557 443 
1586 556 444 
1587 557 443 
1588 556 444 
1589 557 443 
1590 556 444 
1591 558 442 
1592 557 443 
1593 558 442 
1594 557 443 
1595 558 442 
1596 557 443 
1597 558 442 
1598 557 443 
1599 559 441 
1600 557 443 
1601 557 443 
1602 556 444 
1603 556 444 
1604 554 446 
1605 555 445 
1606 555 445 
1607 557 443 
1608 556 444 
1609 558 442 
1610 557 443 
1611 557 443 
1612 555 445 
1613 557 443 
1614 556 444 
1615 557 443 
1616 556 444 
1617 556 444 
1618 556 444 
1619 559 441 
1620 558 442 
1621 559 441 
1622 559 441 
1623 560 440 
1624 560 440 
1625 561 439 
1626 560 440 
1627 561 439 
1628 560 440 
1629 560 440 
1630 559 441 
1631 559 441 
1632 560 440 
1633 560 440 
1634 560 440 
1635 560 440 
1636 560 440 
1637 559 441 
1638 559 441 
1639 559 441 
1640 559 441 
1641 558 442 
1642 559 441 
1643 558 442 
1644 558 442 
1645 558 442 
1646 559 441 
1647 560 440 
1648 560 440 
1649 561 439 
1650 560 440 
1651 560 440 
1652 560 440 
1653 559 441 
1654 559 441 
1655 559 441 
1656 559 441 
1657 559 441 
1658 560 440 
1659 560 440 
1660 560 440 
1661 560 440 
1662 560 440 
1663 560 440 
1664 561 439 
1665 562 438 
1666 562 438 
1667 562 438 
1668 562 438 
1669 565 435 
1670 566 434 
1671 566 434 
1672 566 434 
1673 566 434 
1674 567 433 
1675 566 434 
1676 568 432 
1677 568 432 
1678 567 433 
1679 567 433 
1680 566 434 
1681 565 435 
1682 565 435 
1683 564 436 
1684 567 433 
1685 566 434 
1686 566 434 
1687 566 434 
1688 566 434 
1689 565 435 
1690 565 435 
1691 564 436 
1692 563 437 
1693 564 436 
1694 563 437 
1695 563 437 
1696 561 439 
1697 561 439 
1698 561 439 
1699 561 439 
1700 560 440 
1701 560 440 
1702 560 440 
1703 560 440 
1704 558 442 
1705 557 443 
1706 558 442 
1707 556 444 
1708 558 442 
1709 556 444 
1710 559 441 
1711 558 442 
1712 561 439 
1713 558 442 
1714 559 441 
1715 557 443 
1716 558 442 
1717 556 444 
1718 558 442 
1719 556 444 
1720 558 442 
1721 556 444 
1722 559 441 
1723 558 442 
1724 559 441 
1725 557 443 
1726 559 441 
1727 557 443 
1728 559 441 
1729 558 442 
1730 560 440 
1731 559 441 
1732 561 439 
1733 559 441 
1734 561 439 
1735 559 441 
1736 562 438 
1737 560 440 
1738 562 438 
1739 561 439 
1740 563 437 
1741 560 440 
1742 562 438 
1743 559 441 
1744 561 439 
1745 561 439 
1746 561 439 
1747 560 440 
1748 563 437 
1749 557 443 
1750 559 441 
1751 556 444 
1752 558 442 
1753 554 446 
1754 557 443 
1755 555 445 
1756 557 443 
1757 555 445 
1758 557 443 
1759 556 444 
1760 558 442 
1761 555 445 
1762 557 443 
1763 555 445 
1764 558 442 
1765 556 444 
1766 556 444 
1767 554 446 
1768 554 446 
1769 555 445 
1770 557 443 
1771 556 444 
1772 558 442 
1773 557 443 
1774 559 441 
1775 557 443 
1776 559 441 
1777 557 443 
1778 559 441 
1779 558 442 
1780 559 441 
1781 557 443 
1782 559 441 
1783 556 444 
1784 559 441 
1785 557 443 
1786 560 440 
1787 558 442 
1788 559 441 
1789 559 441 
1790 561 439 
1791 559 441 
1792 562 438 
1793 560 440 
1794 563 437 
1795 561 439 
1796 563 437 
1797 561 439 
1798 563 437 
1799 561 439 
1800 564 436 
1801 563 437 
1802 564 436 
1803 562 438 
1804 565 435 
1805 563 437 
1806 564 436 
1807 563 437 
1808 564 436 
1809 563 437 
1810 566 434 
1811 564 436 
1812 567 433 
1813 564 436 
1814 568 432 
1815 566 434 
1816 567 433 
1817 564 436 
1818 566 434 
1819 566 434 
1820 569 431 
1821 567 433 
1822 570 430 
1823 568 432 
1824 569 431 
1825 567 433 
1826 570 430 
1827 569 431 
1828 572 428 
1829 570 430 
1830 575 425 
1831 573 427 
1832 575 425 
1833 572 428 
1834 574 426 
1835 572 428 
1836 574 426 
1837 572 428 
1838 573 427 
1839 571 429 
1840 572 428 
1841 570 430 
1842 572 428 
1843 571 429 
1844 573 427 
1845 570 430 
1846 572 428 
1847 570 430 
1848 571 429 
1849 569 431 
1850 572 428 
1851 569 431 
1852 571 429 
1853 569 431 
1854 571 429 
1855 569 431 
1856 571 429 
1857 570 430 
1858 572 428 
1859 575 425 
1860 575 425 
1861 574 426 
1862 573 427 
1863 574 426 
1864 576 424 
1865 576 424 
1866 576 424 
1867 576 424 
1868 576 424 
1869 576 424 
1870 577 423 
1871 578 422 
1872 577 423 
1873 577 423 
1874 577 423 
1875 578 422 
1876 577 423 
1877 577 423 
1878 577 423 
1879 577 423 
1880 576 424 
1881 577 423 
1882 578 422 
1883 578 422 
1884 578 422 
1885 577 423 
1886 577 423 
1887 577 423 
1888 578 422 
1889 579 421 
1890 578 422 
1891 578 422 
1892 578 422 
1893 578 422 
1894 579 421 
1895 579 421 
1896 579 421 
1897 578 422 
1898 579 421 
1899 578 422 
1900 578 422 
1901 578 422 
1902 578 422 
1903 577 423 
1904 578 422 
1905 578 422 
1906 578 422 
1907 579 421 
1908 579 421 
1909 580 420 
1910 580 420 
1911 583 417 
1912 583 417 
1913 585 415 
1914 585 415 
1915 585 415 
1916 586 414 
1917 585 415 
1918 586 414 
1919 585 415 
1920 586 414 
1921 585 415 
1922 585 415 
1923 585 415 
1924 586 414 
1925 585 415 
1926 586 414 
1927 585 415 
1928 586 414 
1929 585 415 
1930 587 413 
1931 586 414 
1932 587 413 
1933 586 414 
1934 588 412 
1935 587 413 
1936 587 413 
1937 586 414 
1938 587 413 
1939 587 413 
1940 587 413 
1941 584 416 
1942 585 415 
1943 584 416 
1944 584 416 
1945 584 416 
1946 586 414 
1947 583 417 
1948 583 417 
1949 582 418 
1950 583 417 
1951 582 418 
1952 583 417 
1953 583 417 
1954 584 416 
1955 585 415 
1956 586 414 
1957 584 416 
1958 585 415 
1959 584 416 
1960 586 414 
1961 585 415 
1962 585 415 
1963 583 417 
1964 584 416 
1965 584 416 
1966 585 415 
1967 584 416 
1968 586 414 
1969 584 416 
1970 584 416 
1971 583 417 
1972 584 416 
1973 581 419 
1974 581 419 
1975 580 420 
1976 581 419 
1977 579 421 
1978 580 420 
1979 580 420 
1980 581 419 
1981 580 420 
1982 581 419 
1983 580 420 
1984 582 418 
1985 582 418 
1986 582 418 
1987 581 419 
1988 582 418 
1989 581 419 
1990 583 417 
1991 580 420 
1992 580 420 
1993 579 421 
1994 580 420 
1995 581 419 
1996 581 419 
1997 580 420 
1998 582 418 
1999 581 419 
2000 583 417 
2001 583 417 
2002 583 417 
2003 583 417 
2004 585 415 
2005 584 416 
2006 585 415 
2007 584 416 
2008 585 415 
2009 584 416 
2010 584 416 
2011 583 417 
2012 585 415 
2013 583 417 
2014 586 414 
2015 584 416 
2016 583 417 
2017 583 417 
2018 584 416 
2019 584 416 
2020 585 415 
2021 584 416 
2022 585 415 
2023 584 416 
2024 585 415 
2025 585 415 
2026 586 414 
2027 585 415 
2028 587 413 
2029 586 414 
2030 584 416 
2031 583 417 
2032 584 416 
2033 584 416 
2034 587 413 
2035 585 415 
2036 584 416 
2037 583 417 
2038 584 416 
2039 583 417 
2040 585 415 
2041 584 416 
2042 588 412 
2043 587 413 
2044 588 412 
2045 589 411 
2046 589 411 
2047 589 411 
2048 590 410 
2049 588 412 
2050 588 412 
2051 588 412 
2052 589 411 
2053 589 411 
2054 588 412 
2055 588 412 
2056 589 411 
2057 589 411 
2058 590 410 
2059 590 410 
2060 590 410 
2061 587 413 
2062 587 413 
2063 587 413 
2064 587 413 
2065 587 413 
2066 588 412 
2067 589 411 
2068 589 411 
2069 590 410 
2070 589 411 
2071 589 411 
2072 588 412 
2073 590 410 
2074 590 410 
2075 590 410 
2076 589 411 
2077 589 411 
2078 589 411 
2079 589 411 
2080 588 412 
2081 588 412 
2082 587 413 
2083 588 412 
2084 587 413 
2085 588 412 
2086 587 413 
2087 588 412 
2088 588 412 
2089 588 412 
2090 588 412 
2091 590 410 
2092 588 412 
2093 588 412 
2094 588 412 
2095 591 409 
2096 588 412 
2097 589 411 
2098 587 413 
2099 587 413 
2100 585 415 
2101 584 416 
2102 584 416 
2103 586 414 
2104 585 415 
2105 586 414 
2106 585 415 
2107 586 414 
2108 584 416 
2109 585 415 
2110 583 417 
2111 583 417 
2112 582 418 
2113 583 417 
2114 579 421 
2115 580 420 
2116 579 421 
2117 579 421 
2118 577 423 
2119 577 423 
2120 577 423 
2121 579 421 
2122 578 422 
2123 578 422 
2124 578 422 
2125 579 421 
2126 579 421 
2127 580 420 
2128 579 421 
2129 579 421 
2130 579 421 
2131 577 423 
2132 577 423 
2133 578 422 
2134 578 422 
2135 578 422 
2136 578 422 
2137 578 422 
2138 578 422 
2139 579 421 
2140 580 420 
2141 580 420 
2142 580 420 
2143 580 420 
2144 580 420 
2145 580 420 
2146 581 419 
2147 580 420 
2148 578 422 
2149 578 422 
2150 579 421 
2151 580 420 
2152 580 420 
2153 579 421 
2154 579 421 
2155 579 421 
2156 580 420 
2157 580 420 
2158 582 418 
2159 582 418 
2160 582 418 
2161 582 418 
2162 581 419 
2163 581 419 
2164 581 419 
2165 581 419 
2166 581 419 
2167 582 418 
2168 582 418 
2169 582 418 
2170 582 418 
2171 582 418 
2172 581 419 
2173 582 418 
2174 582 418 
2175 582 418 
2176 582 418 
2177 583 417 
2178 583 417 
2179 583 417 
2180 583 417 
2181 582 418 
2182 582 418 
2183 582 418 
2184 583 417 
2185 583 417 
2186 582 418 
2187 580 420 
2188 578 422 
2189 577 423 
2190 577 423 
2191 577 423 
2192 576 424 
2193 576 424 
2194 576 424 
2195 576 424 
2196 578 422 
2197 577 423 
2198 578 422 
2199 578 422 
2200 579 421 
2201 577 423 
2202 578 422 
2203 574 426 
2204 576 424 
2205 575 425 
2206 576 424 
2207 574 426 
2208 575 425 
2209 574 426 
2210 576 424 
2211 574 426 
2212 574 426 
2213 573 427 
2214 573 427 
2215 572 428 
2216 571 429 
2217 568 432 
2218 570 430 
2219 569 431 
2220 568 432 
2221 567 433 
2222 568 432 
2223 568 432 
2224 569 431 
2225 568 432 
2226 572 428 
2227 571 429 
2228 573 427 
2229 572 428 
2230 573 427 
2231 571 429 
2232 573 427 
2233 571 429 
2234 572 428 
2235 570 430 
2236 570 430 
2237 569 431 
2238 568 432 
2239 568 432 
2240 568 432 
2241 568 432 
2242 567 433 
2243 567 433 
2244 568 432 
2245 568 432 
2246 568 432 
2247 568 432 
2248 568 432 
2249 567 433 
2250 568 432 
2251 569 431 
2252 569 431 
2253 569 431 
2254 569 431 
2255 569 431 
2256 568 432 
2257 567 433 
2258 568 432 
2259 567 433 
2260 566 434 
2261 567 433 
2262 568 432 
2263 567 433 
2264 565 435 
2265 566 434 
2266 565 435 
2267 566 434 
2268 567 433 
2269 566 434 
2270 566 434 
2271 566 434 
2272 567 433 
2273 566 434 
2274 567 433 
2275 568 432 
2276 568 432 
2277 570 430 
2278 569 431 
2279 570 430 
2280 569 431 
2281 570 430 
2282 570 430 
2283 571 429 
2284 570 430 
2285 572 428 
2286 570 430 
2287 570 430 
2288 570 430 
2289 570 430 
2290 568 432 
2291 568 432 
2292 567 433 
2293 566 434 
2294 565 435 
2295 567 433 
2296 565 435 
2297 565 435 
2298 565 435 
2299 567 433 
2300 566 434 
2301 567 433 
2302 568 432 
2303 569 431 
2304 569 431 
2305 571 429 
2306 571 429 
2307 570 430 
2308 569 431 
2309 569 431 
2310 569 431 
2311 570 430 
2312 569 431 
2313 572 428 
2314 570 430 
2315 571 429 
2316 569 431 
2317 570 430 
2318 570 430 
2319 571 429 
2320 569 431 
2321 569 431 
2322 568 432 
2323 567 433 
2324 565 435 
2325 567 433 
2326 567 433 
2327 567 433 
2328 566 434 
2329 567 433 
2330 564 436 
2331 565 435 
2332 564 436 
2333 565 435 
2334 565 435 
2335 566 434 
2336 563 437 
2337 563 437 
2338 562 438 
2339 564 436 
2340 563 437 
2341 564 436 
2342 564 436 
2343 565 435 
2344 565 435 
2345 567 433 
2346 565 435 
2347 567 433 
2348 567 433 
2349 568 432 
2350 567 433 
2351 568 432 
2352 565 435 
2353 565 435 
2354 565 435 
2355 566 434 
2356 565 435 
2357 565 435 
2358 564 436 
2359 565 435 
2360 562 438 
2361 563 437 
2362 562 438 
2363 562 438 
2364 560 440 
2365 560 440 
2366 559 441 
2367 560 440 
2368 558 442 
2369 559 441 
2370 558 442 
2371 558 442 
2372 557 443 
2373 558 442 
2374 556 444 
2375 557 443 
2376 556 444 
2377 557 443 
2378 556 444 
2379 557 443 
2380 556 444 
2381 557 443 
2382 556 444 
2383 559 441 
2384 557 443 
2385 557 443 
2386 556 444 
2387 556 444 
2388 558 442 
2389 558 442 
2390 559 441 
2391 559 441 
2392 559 441 
2393 559 441 
2394 560 440 
2395 561 439 
2396 562 438 
2397 562 438 
2398 561 439 
2399 560 440 
2400 560 440 
2401 560 440 
2402 561 439 
2403 561 439 
2404 561 439 
2405 563 437 
2406 563 437 
2407 563 437 
2408 562 438 
2409 561 439 
2410 560 440 
2411 560 440 
2412 560 440 
2413 560 440 
2414 560 440 
2415 560 440 
2416 560 440 
2417 560 440 
2418 562 438 
2419 564 436 
2420 563 437 
2421 563 437 
2422 563 437 
2423 564 436 
2424 564 436 
2425 563 437 
2426 564 436 
2427 565 435 
2428 566 434 
2429 564 436 
2430 565 435 
2431 566 434 
2432 565 435 
2433 566 434 
2434 566 434 
2435 566 434 
2436 566 434 
2437 566 434 
2438 566 434 
2439 566 434 
2440 566 434 
2441 567 433 
2442 567 433 
2443 567 433 
2444 568 432 
2445 568 432 
2446 569 431 
2447 568 432 
2448 568 432 
2449 569 431 
2450 569 431 
2451 569 431 
2452 571 429 
2453 569 431 
2454 570 430 
2455 569 431 
2456 570 430 
2457 568 432 
2458 569 431 
2459 568 432 
2460 569 431 
2461 568 432 
2462 572 428 
2463 571 429 
2464 571 429 
2465 568 432 
2466 569 431 
2467 568 432 
2468 569 431 
2469 566 434 
2470 566 434 
2471 565 435 
2472 565 435 
2473 563 437 
2474 563 437 
2475 561 439 
2476 562 438 
2477 563 437 
2478 562 438 
2479 562 438 
2480 563 437 
2481 561 439 
2482 562 438 
2483 560 440 
2484 562 438 
2485 561 439 
2486 561 439 
2487 561 439 
2488 563 437 
2489 562 438 
2490 563 437 
2491 562 438 
2492 562 438 
2493 562 438 
2494 563 437 
2495 561 439 
2496 561 439 
2497 559 441 
2498 559 441 
2499 560 440 
2500 562 438 
2501 562 438 
2502 563 437 
2503 560 440 
2504 560 440 
2505 558 442 
2506 558 442 
2507 557 443 
2508 560 440 
2509 558 442 
2510 559 441 
2511 557 443 
2512 558 442 
2513 557 443 
2514 557 443 
2515 554 446 
2516 554 446 
2517 553 447 
2518 554 446 
2519 554 446 
2520 555 445 
2521 554 446 
2522 556 444 
2523 557 443 
2524 558 442 
2525 558 442 
2526 560 440 
2527 559 441 
2528 560 440 
2529 559 441 
2530 560 440 
2531 560 440 
2532 561 439 
2533 560 440 
2534 562 438 
2535 561 439 
2536 562 438 
2537 561 439 
2538 564 436 
2539 562 438 
2540 563 437 
2541 560 440 
2542 560 440 
2543 559 441 
2544 559 441 
2545 560 440 
2546 562 438 
2547 558 442 
2548 559 441 
2549 559 441 
2550 560 440 
2551 559 441 
2552 560 440 
2553 558 442 
2554 560 440 
2555 558 442 
2556 557 443 
2557 556 444 
2558 557 443 
2559 556 444 
2560 557 443 
2561 556 444 
2562 556 444 
2563 555 445 
2564 556 444 
2565 557 443 
2566 559 441 
2567 558 442 
2568 559 441 
2569 557 443 
2570 561 439 
2571 561 439 
2572 562 438 
2573 561 439 
2574 563 437 
2575 562 438 
2576 564 436 
2577 562 438 
2578 562 438 
2579 562 438 
2580 563 437 
2581 563 437 
2582 564 436 
2583 563 437 
2584 564 436 
2585 564 436 
2586 565 435 
2587 564 436 
2588 566 434 
2589 564 436 
2590 563 437 
2591 562 438 
2592 561 439 
2593 559 441 
2594 561 439 
2595 561 439 
2596 562 438 
2597 559 441 
2598 560 440 
2599 559 441 
2600 560 440 
2601 560 440 
2602 559 441 
2603 560 440 
2604 560 440 
2605 559 441 
2606 561 439 
2607 561 439 
2608 560 440 
2609 560 440 
2610 559 441 
2611 559 441 
2612 560 440 
2613 560 440 
2614 560 440 
2615 558 442 
2616 558 442 
2617 557 443 
2618 557 443 
2619 557 443 
2620 555 445 
2621 555 445 
2622 555 445 
2623 554 446 
2624 554 446 
2625 554 446 
2626 555 445 
2627 555 445 
2628 553 447 
2629 554 446 
2630 553 447 
2631 556 444 
2632 555 445 
2633 556 444 
2634 555 445 
2635 557 443 
2636 558 442 
2637 560 440 
2638 560 440 
2639 559 441 
2640 559 441 
2641 560 440 
2642 560 440 
2643 561 439 
2644 560 440 
2645 561 439 
2646 556 444 
2647 555 445 
2648 553 447 
2649 554 446 
2650 553 447 
2651 554 446 
2652 553 447 
2653 554 446 
2654 553 447 
2655 555 445 
2656 554 446 
2657 554 446 
2658 553 447 
2659 554 446 
2660 554 446 
2661 555 445 
2662 554 446 
2663 554 446 
2664 551 449 
2665 551 449 
2666 548 452 
2667 551 449 
2668 550 450 
2669 551 449 
2670 550 450 
2671 551 449 
2672 550 450 
2673 551 449 
2674 550 450 
2675 551 449 
2676 551 449 
2677 552 448 
2678 552 448 
2679 553 447 
2680 552 448 
2681 555 445 
2682 554 446 
2683 555 445 
2684 555 445 
2685 558 442 
2686 558 442 
2687 558 442 
2688 559 441 
2689 557 443 
2690 557 443 
2691 555 445 
2692 556 444 
2693 557 443 
2694 557 443 
2695 556 444 
2696 557 443 
2697 557 443 
2698 557 443 
2699 558 442 
2700 558 442 
2701 558 442 
2702 561 439 
2703 560 440 
2704 559 441 
2705 559 441 
2706 559 441 
2707 560 440 
2708 561 439 
2709 560 440 
2710 560 440 
2711 559 441 
2712 559 441 
2713 558 442 
2714 558 442 
2715 557 443 
2716 556 444 
2717 556 444 
2718 556 444 
2719 556 444 
2720 558 442 
2721 556 444 
2722 556 444 
2723 557 443 
2724 557 443 
2725 558 442 
2726 558 442 
2727 559 441 
2728 559 441 
2729 559 441 
2730 559 441 
2731 559 441 
2732 559 441 
2733 561 439 
2734 561 439 
2735 558 442 
2736 558 442 
2737 559 441 
2738 559 441 
2739 558 442 
2740 559 441 
2741 559 441 
2742 559 441 
2743 558 442 
2744 557 443 
2745 557 443 
2746 557 443 
2747 556 444 
2748 555 445 
2749 556 444 
2750 557 443 
2751 557 443 
2752 558 442 
2753 559 441 
2754 558 442 
2755 558 442 
2756 558 442 
2757 558 442 
2758 558 442 
2759 557 443 
2760 558 442 
2761 560 440 
2762 560 440 
2763 563 437 
2764 563 437 
2765 563 437 
2766 563 437 
2767 563 437 
2768 562 438 
2769 561 439 
2770 563 437 
2771 563 437 
2772 562 438 
2773 561 439 
2774 561 439 
2775 561 439 
2776 562 438 
2777 563 437 
2778 563 437 
2779 563 437 
2780 564 436 
2781 562 438 
2782 564 436 
2783 562 438 
2784 564 436 
2785 563 437 
2786 562 438 
2787 561 439 
2788 562 438 
2789 561 439 
2790 563 437 
2791 562 438 
2792 564 436 
2793 563 437 
2794 567 433 
2795 567 433 
2796 568 432 
2797 567 433 
2798 569 431 
2799 568 432 
2800 568 432 
2801 566 434 
2802 568 432 
2803 567 433 
2804 568 432 
2805 566 434 
2806 566 434 
2807 565 435 
2808 565 435 
2809 565 435 
2810 566 434 
2811 565 435 
2812 567 433 
2813 566 434 
2814 567 433 
2815 566 434 
2816 567 433 
2817 567 433 
2818 568 432 
2819 569 431 
2820 570 430 
2821 569 431 
2822 571 429 
2823 570 430 
2824 571 429 
2825 571 429 
2826 572 428 
2827 572 428 
2828 573 427 
2829 572 428 
2830 573 427 
2831 573 427 
2832 574 426 
2833 572 428 
2834 573 427 
2835 573 427 
2836 575 425 
2837 574 426 
2838 574 426 
2839 573 427 
2840 572 428 
2841 571 429 
2842 571 429 
2843 572 428 
2844 573 427 
2845 573 427 
2846 573 427 
2847 574 426 
2848 575 425 
2849 576 424 
2850 578 422 
2851 577 423 
2852 576 424 
2853 577 423 
2854 577 423 
2855 577 423 
2856 578 422 
2857 577 423 
2858 575 425 
2859 575 425 
2860 576 424 
2861 577 423 
2862 578 422 
2863 578 422 
2864 577 423 
2865 577 423 
2866 577 423 
2867 578 422 
2868 580 420 
2869 580 420 
2870 580 420 
2871 580 420 
2872 580 420 
2873 580 420 
2874 580 420 
2875 581 419 
2876 582 418 
2877 583 417 
2878 583 417 
2879 581 419 
2880 581 419 
2881 581 419 
2882 580 420 
2883 579 421 
2884 579 421 
2885 580 420 
2886 579 421 
2887 578 422 
2888 579 421 
2889 579 421 
2890 578 422 
2891 579 421 
2892 580 420 
2893 580 420 
2894 580 420 
2895 580 420 
2896 579 421 
2897 580 420 
2898 581 419 
2899 582 418 
2900 582 418 
2901 582 418 
2902 583 417 
2903 583 417 
2904 584 416 
2905 583 417 
2906 583 417 
2907 585 415 
2908 587 413 
2909 586 414 
2910 584 416 
2911 584 416 
2912 585 415 
2913 585 415 
2914 585 415 
2915 585 415 
2916 585 415 
2917 585 415 
2918 587 413 
2919 587 413 
2920 587 413 
2921 587 413 
2922 584 416 
2923 585 415 
2924 584 416 
2925 584 416 
2926 583 417 
2927 584 416 
2928 584 416 
2929 583 417 
2930 584 416 
2931 584 416 
2932 586 414 
2933 586 414 
2934 585 415 
2935 585 415 
2936 585 415 
2937 584 416 
2938 585 415 
2939 585 415 
2940 581 419 
2941 581 419 
2942 580 420 
2943 580 420 
2944 580 420 
2945 580 420 
2946 581 419 
2947 582 418 
2948 582 418 
2949 583 417 
2950 584 416 
2951 583 417 
2952 583 417 
2953 583 417 
2954 583 417 
2955 580 420 
2956 581 419 
2957 580 420 
2958 581 419 
2959 581 419 
2960 581 419 
2961 581 419 
2962 581 419 
2963 580 420 
2964 580 420 
2965 579 421 
2966 579 421 
2967 580 420 
2968 579 421 
2969 579 421 
2970 581 419 
2971 581 419 
2972 581 419 
2973 582 418 
2974 584 416 
2975 585 415 
2976 585 415 
2977 585 415 
2978 587 413 
2979 587 413 
2980 587 413 
2981 587 413 
2982 587 413 
2983 587 413 
2984 587 413 
2985 587 413 
2986 587 413 
2987 587 413 
2988 587 413 
2989 588 412 
2990 587 413 
2991 587 413 
2992 587 413 
2993 588 412 
2994 584 416 
2995 584 416 
2996 583 417 
2997 583 417 
2998 583 417 
2999 584 416 
3000 583 417 
3001 582 418 
3002 582 418 
3003 582 418 
3004 582 418 
3005 582 418 
3006 582 418 
3007 582 418 
3008 581 419 
3009 580 420 
3010 580 420 
3011 580 420 
3012 580 420 
3013 580 420 
3014 579 421 
3015 580 420 
3016 580 420 
3017 580 420 
3018 580 420 
3019 580 420 
3020 580 420 
3021 580 420 
3022 579 421 
3023 579 421 
3024 579 421 
3025 579 421 
3026 580 420 
3027 579 421 
3028 578 422 
3029 577 423 
3030 577 423 
3031 576 424 
3032 577 423 
3033 575 425 
3034 574 426 
3035 574 426 
3036 575 425 
3037 576 424 
3038 577 423 
3039 577 423 
3040 578 422 
3041 577 423 
3042 579 421 
3043 578 422 
3044 578 422 
3045 579 421 
3046 580 420 
3047 579 421 
3048 579 421 
3049 578 422 
3050 579 421 
3051 579 421 
3052 578 422 
3053 578 422 
3054 578 422 
3055 578 422 
3056 578 422 
3057 576 424 
3058 576 424 
3059 575 425 
3060 574 426 
3061 576 424 
3062 574 426 
3063 575 425 
3064 575 425 
3065 576 424 
3066 575 425 
3067 577 423 
3068 578 422 
3069 578 422 
3070 577 423 
3071 578 422 
3072 576 424 
3073 575 425 
3074 573 427 
3075 575 425 
3076 572 428 
3077 573 427 
3078 573 427 
3079 574 426 
3080 573 427 
3081 575 425 
3082 575 425 
3083 576 424 
3084 576 424 
3085 577 423 
3086 575 425 
3087 576 424 
3088 576 424 
3089 579 421 
3090 577 423 
3091 578 422 
3092 578 422 
3093 579 421 
3094 578 422 
3095 578 422 
3096 576 424 
3097 577 423 
3098 576 424 
3099 577 423 
3100 576 424 
3101 577 423 
3102 576 424 
3103 577 423 
3104 575 425 
3105 576 424 
3106 575 425 
3107 575 425 
3108 574 426 
3109 575 425 
3110 573 427 
3111 573 427 
3112 572 428 
3113 574 426 
3114 571 429 
3115 572 428 
3116 571 429 
3117 572 428 
3118 570 430 
3119 571 429 
3120 570 430 
3121 571 429 
3122 570 430 
3123 571 429 
3124 569 431 
3125 570 430 
3126 569 431 
3127 570 430 
3128 569 431 
3129 569 431 
3130 569 431 
3131 570 430 
3132 569 431 
3133 570 430 
3134 568 432 
3135 568 432 
3136 566 434 
3137 567 433 
3138 563 437 
3139 565 435 
3140 563 437 
3141 564 436 
3142 562 438 
3143 564 436 
3144 562 438 
3145 566 434 
3146 563 437 
3147 566 434 
3148 564 436 
3149 565 435 
3150 560 440 
3151 560 440 
3152 556 444 
3153 559 441 
3154 557 443 
3155 558 442 
3156 556 444 
3157 558 442 
3158 556 444 
3159 558 442 
3160 553 447 
3161 555 445 
3162 553 447 
3163 554 446 
3164 552 448 
3165 554 446 
3166 552 448 
3167 552 448 
3168 550 450 
3169 550 450 
3170 549 451 
3171 550 450 
3172 548 452 
3173 549 451 
3174 548 452 
3175 549 451 
3176 546 454 
3177 549 451 
3178 547 453 
3179 549 451 
3180 547 453 
3181 549 451 
