0 2000 0 
1 1996 4 
2 1995 5 
3 1986 14 
4 1982 18 
5 1979 21 
6 1972 28 
7 1965 35 
8 1958 42 
9 1952 48 
10 1946 54 
11 1941 59 
12 1935 65 
13 1931 69 
14 1925 75 
15 1920 80 
16 1913 87 
17 1910 90 
18 1901 99 
19 1896 104 
20 1886 114 
21 1878 122 
22 1872 128 
23 1861 139 
24 1855 145 
25 1851 149 
26 1847 153 
27 1843 157 
28 1841 159 
29 1831 169 
30 1828 172 
31 1820 180 
32 1817 183 
33 1814 186 
34 1813 187 
35 1803 197 
36 1800 200 
37 1794 206 
38 1790 210 
39 1784 216 
40 1776 224 
41 1771 229 
42 1768 232 
43 1764 236 
44 1761 239 
45 1753 247 
46 1749 251 
47 1743 257 
48 1737 263 
49 1733 267 
50 1731 269 
51 1725 275 
52 1718 282 
53 1714 286 
54 1711 289 
55 1703 297 
56 1699 301 
57 1692 308 
58 1684 316 
59 1678 322 
60 1673 327 
61 1668 332 
62 1664 336 
63 1659 341 
64 1655 345 
65 1649 351 
66 1646 354 
67 1637 363 
68 1632 368 
69 1627 373 
70 1620 380 
71 1613 387 
72 1609 391 
73 1603 397 
74 1603 397 
75 1595 405 
76 1590 410 
77 1582 418 
78 1578 422 
79 1572 428 
80 1564 436 
81 1560 440 
82 1554 446 
83 1550 450 
84 1543 457 
85 1540 460 
86 1533 467 
87 1532 468 
88 1523 477 
89 1522 478 
90 1516 484 
91 1508 492 
92 1504 496 
93 1502 498 
94 1493 507 
95 1487 513 
96 1482 518 
97 1475 525 
98 1463 537 
99 1462 538 
100 1455 545 
101 1452 548 
102 1448 552 
103 1445 555 
104 1437 563 
105 1436 564 
106 1430 570 
107 1427 573 
108 1422 578 
109 1416 584 
110 1410 590 
111 1402 598 
112 1395 605 
113 1392 608 
114 1387 613 
115 1382 618 
116 1377 623 
117 1374 626 
118 1369 631 
119 1368 632 
120 1360 640 
121 1354 646 
122 1344 656 
123 1340 660 
124 1334 666 
125 1327 673 
126 1323 677 
127 1319 681 
128 1311 689 
129 1307 693 
130 1299 701 
131 1294 706 
132 1285 715 
133 1282 718 
134 1276 724 
135 1269 731 
136 1267 733 
137 1261 739 
138 1256 744 
139 1252 748 
140 1248 752 
141 1242 758 
142 1236 764 
143 1229 771 
144 1223 777 
145 1219 781 
146 1212 788 
147 1207 793 
148 1200 800 
149 1192 808 
150 1185 815 
151 1181 819 
152 1176 824 
153 1170 830 
154 1162 838 
155 1152 848 
156 1147 853 
157 1139 861 
158 1138 862 
159 1133 867 
160 1131 869 
161 1126 874 
162 1124 876 
163 1120 880 
164 1117 883 
165 1113 887 
166 1110 890 
167 1100 900 
168 1095 905 
169 1087 913 
170 1082 918 
171 1077 923 
172 1074 926 
173 1067 933 
174 1059 941 
175 1056 944 
176 1047 953 
177 1046 954 
