0 2000 0 
1 1999 1 
2 1999 1 
3 1997 3 
4 1994 6 
5 1990 10 
6 1988 12 
7 1986 14 
8 1982 18 
9 1976 24 
10 1971 29 
11 1970 30 
12 1968 32 
13 1967 33 
14 1966 34 
15 1964 36 
16 1963 37 
17 1962 38 
18 1962 38 
19 1961 39 
20 1960 40 
21 1959 41 
22 1956 44 
23 1956 44 
24 1955 45 
25 1952 48 
26 1948 52 
27 1946 54 
28 1946 54 
29 1942 58 
30 1942 58 
31 1940 60 
32 1941 59 
33 1939 61 
34 1939 61 
35 1938 62 
36 1936 64 
37 1934 66 
38 1932 68 
39 1929 71 
40 1928 72 
41 1926 74 
42 1926 74 
43 1924 76 
44 1924 76 
45 1919 81 
46 1917 83 
47 1915 85 
48 1915 85 
49 1910 90 
50 1911 89 
51 1906 94 
52 1905 95 
53 1903 97 
54 1903 97 
55 1900 100 
56 1902 98 
57 1897 103 
58 1898 102 
59 1894 106 
60 1895 105 
61 1892 108 
62 1891 109 
63 1888 112 
64 1889 111 
65 1885 115 
66 1884 116 
67 1880 120 
68 1882 118 
69 1875 125 
70 1877 123 
71 1869 131 
72 1871 129 
73 1866 134 
74 1867 133 
75 1863 137 
76 1863 137 
77 1858 142 
78 1858 142 
79 1853 147 
80 1855 145 
81 1850 150 
82 1852 148 
83 1848 152 
84 1847 153 
85 1843 157 
86 1842 158 
87 1837 163 
88 1839 161 
89 1833 167 
90 1831 169 
91 1827 173 
92 1827 173 
93 1823 177 
94 1826 174 
95 1821 179 
96 1825 175 
97 1817 183 
98 1815 185 
99 1810 190 
100 1812 188 
101 1807 193 
102 1810 190 
103 1801 199 
104 1804 196 
105 1797 203 
106 1798 202 
107 1792 208 
108 1791 209 
109 1785 215 
110 1786 214 
111 1779 221 
112 1781 219 
113 1772 228 
114 1775 225 
115 1766 234 
116 1767 233 
117 1762 238 
118 1763 237 
119 1754 246 
120 1753 247 
121 1747 253 
122 1745 255 
123 1738 262 
124 1738 262 
125 1734 266 
126 1730 270 
127 1724 276 
128 1724 276 
129 1717 283 
130 1720 280 
131 1715 285 
132 1716 284 
133 1711 289 
134 1710 290 
135 1702 298 
136 1703 297 
137 1698 302 
138 1697 303 
139 1691 309 
140 1693 307 
141 1686 314 
142 1688 312 
143 1682 318 
144 1685 315 
145 1681 319 
146 1683 317 
147 1676 324 
148 1677 323 
149 1673 327 
150 1672 328 
151 1666 334 
152 1668 332 
153 1661 339 
154 1662 338 
155 1656 344 
156 1656 344 
157 1647 353 
158 1650 350 
159 1643 357 
160 1644 356 
161 1638 362 
162 1638 362 
163 1633 367 
164 1637 363 
165 1630 370 
166 1634 366 
167 1629 371 
168 1631 369 
169 1625 375 
170 1626 374 
171 1617 383 
172 1620 380 
173 1612 388 
174 1615 385 
175 1606 394 
176 1611 389 
177 1603 397 
178 1604 396 
179 1594 406 
180 1597 403 
181 1590 410 
182 1590 410 
183 1583 417 
184 1587 413 
185 1580 420 
186 1581 419 
187 1572 428 
188 1574 426 
189 1567 433 
190 1569 431 
191 1561 439 
192 1561 439 
193 1556 444 
194 1555 445 
195 1552 448 
196 1554 446 
197 1550 450 
198 1549 451 
199 1545 455 
200 1547 453 
201 1542 458 
202 1544 456 
203 1541 459 
204 1540 460 
205 1535 465 
206 1535 465 
207 1528 472 
208 1529 471 
209 1523 477 
210 1525 475 
211 1518 482 
212 1519 481 
213 1515 485 
214 1512 488 
215 1505 495 
216 1506 494 
217 1500 500 
218 1501 499 
219 1498 502 
220 1500 500 
221 1497 503 
222 1498 502 
223 1493 507 
224 1491 509 
225 1486 514 
226 1485 515 
227 1481 519 
228 1480 520 
229 1477 523 
230 1478 522 
231 1474 526 
232 1474 526 
233 1470 530 
234 1467 533 
235 1462 538 
236 1463 537 
237 1460 540 
238 1461 539 
239 1458 542 
240 1457 543 
241 1455 545 
242 1455 545 
243 1454 546 
244 1455 545 
245 1452 548 
246 1451 549 
247 1449 551 
248 1447 553 
249 1443 557 
250 1441 559 
251 1439 561 
252 1435 565 
253 1431 569 
254 1430 570 
255 1427 573 
256 1426 574 
257 1422 578 
258 1421 579 
259 1416 584 
260 1414 586 
261 1412 588 
262 1410 590 
263 1407 593 
264 1406 594 
265 1406 594 
266 1401 599 
267 1399 601 
268 1396 604 
269 1395 605 
270 1392 608 
271 1391 609 
272 1389 611 
273 1391 609 
274 1389 611 
275 1389 611 
276 1383 617 
277 1382 618 
278 1380 620 
279 1379 621 
280 1376 624 
281 1372 628 
282 1370 630 
283 1366 634 
284 1363 637 
285 1361 639 
286 1360 640 
287 1356 644 
288 1354 646 
289 1352 648 
290 1349 651 
291 1348 652 
292 1346 654 
293 1344 656 
294 1342 658 
295 1343 657 
296 1341 659 
297 1338 662 
298 1337 663 
299 1334 666 
300 1331 669 
301 1329 671 
302 1326 674 
303 1326 674 
304 1321 679 
305 1321 679 
306 1318 682 
307 1317 683 
308 1315 685 
309 1314 686 
310 1311 689 
311 1308 692 
312 1305 695 
313 1305 695 
314 1302 698 
315 1303 697 
316 1300 700 
317 1296 704 
318 1293 707 
319 1292 708 
320 1291 709 
321 1291 709 
322 1288 712 
323 1289 711 
324 1285 715 
325 1287 713 
326 1283 717 
327 1285 715 
328 1281 719 
329 1283 717 
330 1278 722 
331 1278 722 
332 1274 726 
333 1276 724 
334 1274 726 
335 1276 724 
336 1271 729 
337 1272 728 
338 1269 731 
339 1270 730 
340 1266 734 
341 1265 735 
342 1259 741 
343 1260 740 
344 1258 742 
345 1259 741 
346 1256 744 
347 1259 741 
348 1256 744 
349 1252 748 
350 1251 749 
351 1252 748 
352 1246 754 
353 1247 753 
354 1244 756 
355 1244 756 
356 1242 758 
357 1243 757 
358 1241 759 
359 1241 759 
360 1239 761 
361 1241 759 
362 1235 765 
363 1235 765 
364 1233 767 
365 1233 767 
366 1230 770 
367 1233 767 
368 1231 769 
369 1232 768 
370 1231 769 
371 1233 767 
372 1230 770 
373 1232 768 
374 1230 770 
375 1229 771 
376 1226 774 
377 1227 773 
378 1223 777 
379 1223 777 
380 1220 780 
381 1223 777 
382 1217 783 
383 1219 781 
384 1215 785 
385 1215 785 
386 1212 788 
387 1212 788 
388 1210 790 
389 1209 791 
390 1205 795 
391 1205 795 
392 1202 798 
393 1203 797 
394 1198 802 
395 1199 801 
396 1196 804 
397 1196 804 
398 1192 808 
399 1193 807 
400 1191 809 
401 1194 806 
402 1193 807 
403 1192 808 
404 1190 810 
405 1190 810 
406 1187 813 
407 1187 813 
408 1185 815 
409 1186 814 
410 1183 817 
411 1182 818 
412 1177 823 
413 1180 820 
414 1177 823 
415 1175 825 
416 1172 828 
417 1171 829 
418 1171 829 
419 1171 829 
420 1169 831 
421 1166 834 
422 1163 837 
423 1161 839 
424 1159 841 
425 1158 842 
426 1155 845 
427 1156 844 
428 1155 845 
429 1157 843 
430 1159 841 
431 1159 841 
432 1158 842 
433 1156 844 
434 1153 847 
435 1151 849 
436 1149 851 
437 1148 852 
438 1148 852 
439 1148 852 
440 1149 851 
441 1148 852 
442 1146 854 
443 1144 856 
444 1144 856 
445 1143 857 
446 1141 859 
447 1138 862 
448 1137 863 
449 1135 865 
450 1135 865 
451 1135 865 
452 1135 865 
453 1133 867 
454 1133 867 
455 1129 871 
456 1129 871 
457 1124 876 
458 1124 876 
459 1122 878 
460 1121 879 
461 1121 879 
462 1122 878 
463 1120 880 
464 1119 881 
465 1117 883 
466 1118 882 
467 1115 885 
468 1115 885 
469 1115 885 
470 1117 883 
471 1114 886 
472 1114 886 
473 1114 886 
474 1115 885 
475 1115 885 
476 1111 889 
477 1109 891 
478 1109 891 
479 1107 893 
480 1106 894 
481 1104 896 
482 1103 897 
483 1103 897 
484 1104 896 
485 1102 898 
486 1102 898 
487 1098 902 
488 1098 902 
489 1097 903 
490 1098 902 
491 1094 906 
492 1093 907 
493 1089 911 
494 1088 912 
495 1086 914 
496 1087 913 
