0 2000 0 
1 1998 2 
2 1994 6 
3 1991 9 
4 1988 12 
5 1987 13 
6 1986 14 
7 1985 15 
8 1984 16 
9 1982 18 
10 1980 20 
11 1976 24 
12 1972 28 
13 1971 29 
14 1968 32 
15 1964 36 
16 1961 39 
17 1959 41 
18 1955 45 
19 1954 46 
20 1952 48 
21 1951 49 
22 1950 50 
23 1945 55 
24 1944 56 
25 1942 58 
26 1941 59 
27 1937 63 
28 1935 65 
29 1934 66 
30 1930 70 
31 1928 72 
32 1922 78 
33 1921 79 
34 1918 82 
35 1917 83 
36 1913 87 
37 1908 92 
38 1905 95 
39 1904 96 
40 1903 97 
41 1902 98 
42 1900 100 
43 1898 102 
44 1897 103 
45 1895 105 
46 1893 107 
47 1892 108 
48 1892 108 
49 1888 112 
50 1887 113 
51 1884 116 
52 1881 119 
53 1878 122 
54 1877 123 
55 1874 126 
56 1871 129 
57 1870 130 
58 1865 135 
59 1861 139 
60 1861 139 
61 1857 143 
62 1855 145 
63 1849 151 
64 1847 153 
65 1845 155 
66 1841 159 
67 1836 164 
68 1833 167 
69 1831 169 
70 1830 170 
71 1830 170 
72 1827 173 
73 1825 175 
74 1822 178 
75 1822 178 
76 1818 182 
77 1814 186 
78 1813 187 
79 1811 189 
80 1807 193 
81 1800 200 
82 1796 204 
83 1788 212 
84 1787 213 
85 1784 216 
86 1781 219 
87 1777 223 
88 1774 226 
89 1772 228 
90 1771 229 
91 1768 232 
92 1764 236 
93 1759 241 
94 1759 241 
95 1754 246 
96 1752 248 
97 1750 250 
98 1745 255 
99 1742 258 
100 1738 262 
101 1737 263 
102 1735 265 
103 1734 266 
104 1731 269 
105 1732 268 
106 1728 272 
107 1725 275 
108 1721 279 
109 1719 281 
110 1714 286 
111 1711 289 
112 1707 293 
113 1703 297 
114 1700 300 
115 1698 302 
116 1692 308 
117 1692 308 
118 1687 313 
119 1681 319 
120 1675 325 
121 1673 327 
122 1664 336 
123 1663 337 
124 1659 341 
125 1659 341 
126 1654 346 
127 1653 347 
128 1647 353 
129 1643 357 
130 1641 359 
131 1641 359 
132 1637 363 
133 1636 364 
134 1633 367 
135 1629 371 
136 1625 375 
137 1621 379 
138 1615 385 
139 1614 386 
140 1607 393 
141 1605 395 
142 1602 398 
143 1600 400 
144 1594 406 
145 1592 408 
146 1585 415 
147 1582 418 
148 1580 420 
149 1578 422 
150 1576 424 
151 1574 426 
152 1570 430 
153 1570 430 
154 1566 434 
155 1564 436 
156 1559 441 
157 1557 443 
158 1552 448 
159 1551 449 
160 1546 454 
161 1547 453 
162 1542 458 
163 1533 467 
164 1529 471 
165 1520 480 
166 1515 485 
167 1514 486 
168 1506 494 
169 1504 496 
170 1499 501 
171 1496 504 
172 1489 511 
173 1489 511 
174 1487 513 
175 1487 513 
176 1482 518 
177 1480 520 
178 1478 522 
179 1477 523 
180 1468 532 
181 1465 535 
182 1460 540 
183 1460 540 
184 1456 544 
185 1452 548 
186 1449 551 
187 1450 550 
188 1443 557 
189 1440 560 
190 1435 565 
191 1435 565 
192 1429 571 
193 1425 575 
194 1418 582 
195 1416 584 
196 1410 590 
197 1406 594 
198 1401 599 
199 1399 601 
200 1393 607 
201 1389 611 
202 1387 613 
203 1386 614 
204 1384 616 
205 1381 619 
206 1375 625 
207 1375 625 
208 1368 632 
209 1368 632 
210 1362 638 
211 1363 637 
212 1357 643 
213 1354 646 
214 1349 651 
215 1348 652 
216 1339 661 
217 1339 661 
218 1333 667 
219 1330 670 
220 1325 675 
221 1323 677 
222 1316 684 
223 1318 682 
224 1313 687 
225 1311 689 
226 1307 693 
227 1306 694 
228 1301 699 
229 1301 699 
230 1297 703 
231 1294 706 
232 1291 709 
233 1293 707 
234 1288 712 
235 1289 711 
236 1286 714 
237 1285 715 
238 1283 717 
239 1282 718 
240 1279 721 
241 1278 722 
242 1277 723 
243 1277 723 
244 1274 726 
245 1266 734 
246 1263 737 
247 1260 740 
248 1257 743 
249 1255 745 
250 1253 747 
251 1248 752 
252 1243 757 
253 1242 758 
254 1241 759 
255 1241 759 
256 1239 761 
257 1239 761 
258 1237 763 
259 1236 764 
260 1233 767 
261 1231 769 
262 1226 774 
263 1226 774 
264 1221 779 
265 1221 779 
266 1217 783 
267 1217 783 
268 1209 791 
269 1206 794 
270 1202 798 
271 1202 798 
272 1201 799 
273 1201 799 
274 1200 800 
275 1201 799 
276 1197 803 
277 1196 804 
278 1192 808 
279 1191 809 
280 1188 812 
281 1188 812 
282 1186 814 
283 1184 816 
284 1181 819 
285 1182 818 
286 1181 819 
287 1178 822 
288 1176 824 
289 1176 824 
290 1172 828 
291 1173 827 
292 1172 828 
293 1168 832 
294 1163 837 
295 1161 839 
296 1159 841 
297 1159 841 
298 1154 846 
299 1151 849 
300 1148 852 
301 1144 856 
302 1140 860 
303 1138 862 
304 1135 865 
305 1132 868 
306 1127 873 
307 1125 875 
308 1120 880 
309 1119 881 
310 1114 886 
311 1113 887 
312 1110 890 
313 1110 890 
314 1108 892 
315 1107 893 
316 1103 897 
317 1104 896 
318 1102 898 
319 1098 902 
320 1093 907 
321 1093 907 
322 1090 910 
323 1090 910 
324 1087 913 
325 1084 916 
326 1083 917 
327 1083 917 
328 1082 918 
