0 2000 0 
1 1998 2 
2 1997 3 
3 1997 3 
4 1995 5 
5 1994 6 
6 1993 7 
7 1992 8 
8 1992 8 
9 1992 8 
10 1992 8 
11 1990 10 
12 1990 10 
13 1990 10 
14 1988 12 
15 1988 12 
16 1988 12 
17 1988 12 
18 1988 12 
19 1988 12 
20 1987 13 
21 1987 13 
22 1987 13 
23 1986 14 
24 1984 16 
25 1982 18 
26 1982 18 
27 1981 19 
28 1980 20 
29 1978 22 
30 1976 24 
31 1974 26 
32 1972 28 
33 1971 29 
34 1970 30 
35 1969 31 
36 1968 32 
37 1968 32 
38 1967 33 
39 1966 34 
40 1965 35 
41 1964 36 
42 1963 37 
43 1962 38 
44 1962 38 
45 1961 39 
46 1960 40 
47 1960 40 
48 1959 41 
49 1959 41 
50 1958 42 
51 1958 42 
52 1957 43 
53 1956 44 
54 1956 44 
55 1954 46 
56 1954 46 
57 1954 46 
58 1953 47 
59 1953 47 
60 1953 47 
61 1952 48 
62 1952 48 
63 1949 51 
64 1949 51 
65 1948 52 
66 1948 52 
67 1948 52 
68 1947 53 
69 1947 53 
70 1945 55 
71 1944 56 
72 1943 57 
73 1942 58 
74 1941 59 
75 1940 60 
76 1939 61 
77 1938 62 
78 1938 62 
79 1937 63 
80 1937 63 
81 1936 64 
82 1936 64 
83 1934 66 
84 1934 66 
85 1933 67 
86 1933 67 
87 1932 68 
88 1931 69 
89 1931 69 
90 1930 70 
91 1929 71 
92 1928 72 
93 1928 72 
94 1926 74 
95 1925 75 
96 1923 77 
97 1922 78 
98 1921 79 
99 1919 81 
100 1917 83 
101 1914 86 
102 1913 87 
103 1911 89 
104 1911 89 
105 1909 91 
106 1908 92 
107 1906 94 
108 1902 98 
109 1902 98 
110 1901 99 
111 1901 99 
112 1900 100 
113 1899 101 
114 1899 101 
115 1895 105 
116 1895 105 
117 1893 107 
118 1891 109 
119 1890 110 
120 1889 111 
121 1889 111 
122 1888 112 
123 1888 112 
124 1887 113 
125 1885 115 
126 1884 116 
127 1883 117 
128 1881 119 
129 1880 120 
130 1880 120 
131 1879 121 
132 1879 121 
133 1879 121 
134 1878 122 
135 1877 123 
136 1875 125 
137 1875 125 
138 1875 125 
139 1874 126 
140 1872 128 
141 1872 128 
142 1869 131 
143 1867 133 
144 1866 134 
145 1864 136 
146 1861 139 
147 1860 140 
148 1860 140 
149 1858 142 
150 1858 142 
151 1857 143 
152 1856 144 
153 1855 145 
154 1854 146 
155 1851 149 
156 1846 154 
157 1846 154 
158 1846 154 
159 1843 157 
160 1843 157 
161 1840 160 
162 1836 164 
163 1834 166 
164 1833 167 
165 1829 171 
166 1829 171 
167 1828 172 
168 1828 172 
169 1828 172 
170 1825 175 
171 1823 177 
172 1821 179 
173 1821 179 
174 1820 180 
175 1820 180 
176 1818 182 
177 1817 183 
178 1815 185 
179 1814 186 
180 1813 187 
181 1812 188 
182 1812 188 
183 1812 188 
184 1811 189 
185 1811 189 
186 1809 191 
187 1808 192 
188 1808 192 
189 1808 192 
190 1805 195 
191 1803 197 
192 1803 197 
193 1802 198 
194 1800 200 
195 1799 201 
196 1798 202 
197 1797 203 
198 1794 206 
199 1793 207 
200 1791 209 
201 1791 209 
202 1791 209 
203 1790 210 
204 1790 210 
205 1789 211 
206 1787 213 
207 1786 214 
208 1785 215 
209 1785 215 
210 1783 217 
211 1781 219 
212 1781 219 
213 1781 219 
214 1778 222 
215 1777 223 
216 1775 225 
217 1772 228 
218 1772 228 
219 1772 228 
220 1770 230 
221 1769 231 
222 1766 234 
223 1766 234 
224 1766 234 
225 1766 234 
226 1763 237 
227 1761 239 
228 1759 241 
229 1759 241 
230 1758 242 
231 1756 244 
232 1756 244 
233 1755 245 
234 1755 245 
235 1755 245 
236 1755 245 
237 1753 247 
238 1751 249 
239 1750 250 
240 1749 251 
241 1748 252 
242 1748 252 
243 1749 251 
244 1748 252 
245 1746 254 
246 1746 254 
247 1744 256 
248 1743 257 
249 1741 259 
250 1741 259 
251 1739 261 
252 1738 262 
253 1738 262 
254 1736 264 
255 1735 265 
256 1735 265 
257 1735 265 
258 1733 267 
259 1729 271 
260 1726 274 
261 1726 274 
262 1723 277 
263 1722 278 
264 1722 278 
265 1721 279 
266 1718 282 
267 1718 282 
268 1717 283 
269 1716 284 
270 1715 285 
271 1714 286 
272 1711 289 
273 1709 291 
274 1706 294 
275 1706 294 
276 1705 295 
277 1703 297 
278 1702 298 
279 1701 299 
280 1700 300 
281 1700 300 
282 1700 300 
283 1695 305 
284 1694 306 
285 1694 306 
286 1691 309 
287 1690 310 
288 1686 314 
289 1683 317 
290 1682 318 
291 1681 319 
292 1680 320 
293 1680 320 
294 1678 322 
295 1676 324 
296 1674 326 
297 1672 328 
298 1671 329 
299 1669 331 
300 1668 332 
301 1668 332 
302 1667 333 
303 1667 333 
304 1666 334 
305 1665 335 
306 1665 335 
307 1665 335 
308 1661 339 
309 1660 340 
310 1660 340 
311 1657 343 
312 1655 345 
313 1654 346 
314 1653 347 
315 1653 347 
316 1652 348 
317 1652 348 
318 1651 349 
319 1650 350 
320 1648 352 
321 1647 353 
322 1645 355 
323 1643 357 
324 1641 359 
325 1639 361 
326 1637 363 
327 1637 363 
328 1635 365 
329 1635 365 
330 1634 366 
331 1633 367 
332 1632 368 
333 1631 369 
334 1633 367 
335 1634 366 
336 1634 366 
337 1634 366 
338 1634 366 
339 1633 367 
340 1631 369 
341 1631 369 
342 1628 372 
343 1625 375 
344 1625 375 
345 1624 376 
346 1623 377 
347 1623 377 
348 1622 378 
349 1621 379 
350 1620 380 
351 1619 381 
352 1618 382 
353 1617 383 
354 1617 383 
355 1617 383 
356 1617 383 
357 1615 385 
358 1614 386 
359 1613 387 
360 1614 386 
361 1613 387 
362 1613 387 
363 1612 388 
364 1612 388 
365 1610 390 
366 1609 391 
367 1607 393 
368 1607 393 
369 1606 394 
370 1605 395 
371 1603 397 
372 1603 397 
373 1602 398 
374 1601 399 
375 1600 400 
376 1600 400 
377 1596 404 
378 1593 407 
379 1592 408 
380 1591 409 
381 1587 413 
382 1588 412 
383 1588 412 
384 1588 412 
385 1587 413 
386 1586 414 
387 1584 416 
388 1584 416 
389 1583 417 
390 1583 417 
391 1583 417 
392 1582 418 
393 1581 419 
394 1578 422 
395 1576 424 
396 1576 424 
397 1575 425 
398 1575 425 
399 1574 426 
400 1574 426 
401 1572 428 
402 1571 429 
403 1571 429 
404 1570 430 
405 1570 430 
406 1567 433 
407 1566 434 
408 1566 434 
409 1565 435 
410 1563 437 
411 1562 438 
412 1562 438 
413 1560 440 
414 1559 441 
415 1555 445 
416 1555 445 
417 1555 445 
418 1553 447 
419 1553 447 
420 1553 447 
421 1552 448 
422 1551 449 
423 1550 450 
424 1547 453 
425 1546 454 
426 1543 457 
427 1543 457 
428 1543 457 
429 1542 458 
430 1542 458 
431 1541 459 
432 1539 461 
433 1539 461 
434 1537 463 
435 1536 464 
436 1536 464 
437 1536 464 
438 1536 464 
439 1535 465 
440 1535 465 
441 1533 467 
442 1532 468 
443 1532 468 
444 1531 469 
445 1530 470 
446 1528 472 
447 1529 471 
448 1528 472 
449 1528 472 
450 1524 476 
451 1525 475 
452 1522 478 
453 1521 479 
454 1518 482 
455 1518 482 
456 1517 483 
457 1518 482 
458 1517 483 
459 1518 482 
460 1516 484 
461 1516 484 
462 1515 485 
463 1516 484 
464 1514 486 
465 1515 485 
466 1514 486 
467 1514 486 
468 1513 487 
469 1511 489 
470 1510 490 
471 1509 491 
472 1509 491 
473 1509 491 
474 1506 494 
475 1505 495 
476 1503 497 
477 1504 496 
478 1503 497 
479 1503 497 
480 1502 498 
481 1503 497 
482 1502 498 
483 1502 498 
484 1500 500 
485 1501 499 
486 1498 502 
487 1498 502 
488 1497 503 
489 1498 502 
490 1497 503 
491 1497 503 
492 1494 506 
493 1493 507 
494 1490 510 
495 1490 510 
496 1489 511 
497 1490 510 
498 1490 510 
499 1490 510 
500 1489 511 
501 1489 511 
502 1488 512 
503 1488 512 
504 1486 514 
505 1487 513 
506 1485 515 
507 1485 515 
508 1483 517 
509 1483 517 
510 1482 518 
511 1482 518 
512 1479 521 
513 1481 519 
514 1480 520 
515 1482 518 
516 1479 521 
517 1479 521 
518 1477 523 
519 1476 524 
520 1473 527 
521 1474 526 
522 1472 528 
523 1474 526 
524 1471 529 
525 1473 527 
526 1471 529 
527 1471 529 
528 1469 531 
529 1470 530 
530 1469 531 
531 1471 529 
532 1469 531 
533 1470 530 
534 1467 533 
535 1467 533 
536 1465 535 
537 1467 533 
538 1464 536 
539 1466 534 
540 1464 536 
541 1465 535 
542 1461 539 
543 1464 536 
544 1462 538 
545 1464 536 
546 1461 539 
547 1463 537 
548 1459 541 
549 1460 540 
550 1458 542 
551 1459 541 
552 1457 543 
553 1460 540 
554 1457 543 
555 1457 543 
556 1454 546 
557 1455 545 
558 1453 547 
559 1455 545 
560 1451 549 
561 1452 548 
562 1451 549 
563 1452 548 
564 1449 551 
565 1449 551 
566 1447 553 
567 1449 551 
568 1445 555 
569 1447 553 
570 1445 555 
571 1447 553 
572 1442 558 
573 1446 554 
574 1443 557 
575 1443 557 
576 1440 560 
577 1443 557 
578 1439 561 
579 1441 559 
580 1438 562 
581 1440 560 
582 1437 563 
583 1438 562 
584 1435 565 
585 1437 563 
586 1433 567 
587 1435 565 
588 1432 568 
589 1435 565 
590 1432 568 
591 1435 565 
592 1432 568 
593 1434 566 
594 1430 570 
595 1433 567 
596 1431 569 
597 1434 566 
598 1428 572 
599 1431 569 
600 1428 572 
601 1431 569 
602 1427 573 
603 1430 570 
604 1428 572 
605 1430 570 
606 1426 574 
607 1427 573 
608 1423 577 
609 1425 575 
610 1422 578 
611 1422 578 
612 1419 581 
613 1419 581 
614 1416 584 
615 1418 582 
616 1416 584 
617 1417 583 
618 1415 585 
619 1417 583 
620 1415 585 
621 1416 584 
622 1412 588 
623 1413 587 
624 1412 588 
625 1412 588 
626 1411 589 
627 1411 589 
628 1410 590 
629 1410 590 
630 1409 591 
631 1408 592 
632 1406 594 
633 1407 593 
634 1403 597 
635 1402 598 
636 1401 599 
637 1402 598 
638 1401 599 
639 1402 598 
640 1400 600 
641 1401 599 
642 1398 602 
643 1397 603 
644 1396 604 
645 1395 605 
646 1393 607 
647 1394 606 
648 1391 609 
649 1392 608 
650 1391 609 
651 1392 608 
652 1388 612 
653 1389 611 
654 1388 612 
655 1389 611 
656 1387 613 
657 1388 612 
658 1386 614 
659 1387 613 
660 1385 615 
661 1386 614 
662 1385 615 
663 1386 614 
664 1383 617 
665 1383 617 
666 1379 621 
667 1379 621 
668 1378 622 
669 1377 623 
670 1375 625 
671 1375 625 
672 1374 626 
673 1375 625 
674 1373 627 
675 1374 626 
676 1373 627 
677 1374 626 
678 1373 627 
679 1374 626 
680 1374 626 
681 1375 625 
682 1374 626 
683 1373 627 
684 1369 631 
685 1369 631 
686 1367 633 
687 1368 632 
688 1366 634 
689 1367 633 
690 1366 634 
691 1366 634 
692 1365 635 
693 1364 636 
694 1364 636 
695 1363 637 
696 1361 639 
697 1360 640 
698 1359 641 
699 1357 643 
700 1355 645 
701 1355 645 
702 1356 644 
703 1356 644 
704 1356 644 
705 1354 646 
706 1354 646 
707 1353 647 
708 1352 648 
709 1351 649 
710 1350 650 
711 1350 650 
712 1350 650 
713 1350 650 
714 1352 648 
715 1351 649 
716 1351 649 
717 1351 649 
718 1349 651 
719 1349 651 
720 1348 652 
721 1347 653 
722 1347 653 
723 1347 653 
724 1347 653 
725 1345 655 
726 1345 655 
727 1345 655 
728 1340 660 
729 1340 660 
730 1338 662 
731 1337 663 
732 1336 664 
733 1336 664 
734 1336 664 
735 1336 664 
736 1336 664 
737 1335 665 
738 1333 667 
739 1331 669 
740 1330 670 
741 1330 670 
742 1329 671 
743 1329 671 
744 1328 672 
745 1325 675 
746 1323 677 
747 1323 677 
748 1321 679 
749 1320 680 
750 1321 679 
751 1319 681 
752 1320 680 
753 1317 683 
754 1318 682 
755 1317 683 
756 1319 681 
757 1316 684 
758 1317 683 
759 1316 684 
760 1317 683 
761 1316 684 
762 1316 684 
763 1312 688 
764 1313 687 
765 1312 688 
766 1313 687 
767 1310 690 
768 1311 689 
769 1310 690 
770 1309 691 
771 1307 693 
772 1308 692 
773 1307 693 
774 1307 693 
775 1306 694 
776 1307 693 
777 1306 694 
778 1307 693 
779 1305 695 
780 1306 694 
781 1304 696 
782 1305 695 
783 1304 696 
784 1303 697 
785 1302 698 
786 1303 697 
787 1302 698 
788 1302 698 
789 1303 697 
790 1301 699 
791 1301 699 
792 1301 699 
793 1301 699 
794 1302 698 
795 1299 701 
796 1299 701 
797 1299 701 
798 1298 702 
799 1298 702 
800 1299 701 
801 1299 701 
802 1299 701 
803 1298 702 
804 1298 702 
805 1297 703 
806 1296 704 
807 1294 706 
808 1296 704 
809 1296 704 
810 1294 706 
811 1292 708 
812 1292 708 
813 1292 708 
814 1291 709 
815 1291 709 
816 1290 710 
817 1289 711 
818 1290 710 
819 1290 710 
820 1290 710 
821 1290 710 
822 1291 709 
823 1291 709 
824 1291 709 
825 1291 709 
826 1290 710 
827 1290 710 
828 1288 712 
829 1288 712 
830 1284 716 
831 1282 718 
832 1281 719 
833 1281 719 
834 1281 719 
835 1281 719 
836 1281 719 
837 1280 720 
838 1280 720 
839 1280 720 
840 1281 719 
841 1281 719 
842 1280 720 
843 1280 720 
844 1278 722 
845 1278 722 
846 1276 724 
847 1276 724 
848 1275 725 
849 1274 726 
850 1274 726 
851 1274 726 
852 1274 726 
853 1272 728 
854 1271 729 
855 1271 729 
856 1270 730 
857 1271 729 
858 1270 730 
859 1271 729 
860 1273 727 
861 1272 728 
862 1273 727 
863 1272 728 
864 1272 728 
865 1270 730 
866 1273 727 
867 1272 728 
868 1273 727 
869 1273 727 
870 1273 727 
871 1272 728 
872 1273 727 
873 1272 728 
874 1273 727 
875 1273 727 
876 1272 728 
877 1270 730 
878 1270 730 
879 1267 733 
880 1267 733 
881 1263 737 
882 1263 737 
883 1261 739 
884 1262 738 
885 1260 740 
886 1262 738 
887 1261 739 
888 1261 739 
889 1261 739 
890 1262 738 
891 1262 738 
892 1264 736 
893 1263 737 
894 1263 737 
895 1261 739 
896 1263 737 
897 1263 737 
898 1264 736 
899 1261 739 
900 1264 736 
901 1262 738 
902 1264 736 
903 1259 741 
904 1260 740 
905 1257 743 
906 1259 741 
907 1256 744 
908 1257 743 
909 1255 745 
910 1257 743 
911 1253 747 
912 1254 746 
913 1251 749 
914 1252 748 
915 1250 750 
916 1251 749 
917 1249 751 
918 1249 751 
919 1247 753 
920 1247 753 
921 1243 757 
922 1245 755 
923 1243 757 
924 1245 755 
925 1243 757 
926 1245 755 
927 1242 758 
928 1244 756 
929 1243 757 
930 1245 755 
931 1242 758 
932 1243 757 
933 1239 761 
934 1239 761 
935 1237 763 
936 1240 760 
937 1237 763 
938 1240 760 
939 1238 762 
940 1240 760 
941 1238 762 
942 1239 761 
943 1237 763 
944 1239 761 
945 1236 764 
946 1237 763 
947 1236 764 
948 1238 762 
949 1235 765 
950 1236 764 
951 1234 766 
952 1236 764 
953 1233 767 
954 1235 765 
955 1233 767 
956 1235 765 
957 1233 767 
958 1235 765 
959 1233 767 
960 1234 766 
961 1233 767 
962 1234 766 
963 1230 770 
964 1232 768 
965 1229 771 
966 1231 769 
967 1230 770 
968 1232 768 
969 1229 771 
970 1230 770 
971 1229 771 
972 1230 770 
973 1227 773 
974 1228 772 
975 1227 773 
976 1229 771 
977 1228 772 
978 1230 770 
979 1228 772 
980 1229 771 
981 1227 773 
982 1229 771 
983 1227 773 
984 1229 771 
985 1227 773 
986 1230 770 
987 1226 774 
988 1230 770 
989 1226 774 
990 1230 770 
991 1227 773 
992 1230 770 
993 1227 773 
994 1229 771 
995 1227 773 
996 1230 770 
997 1227 773 
998 1231 769 
999 1226 774 
1000 1229 771 
1001 1227 773 
1002 1229 771 
1003 1224 776 
1004 1227 773 
1005 1223 777 
1006 1226 774 
1007 1221 779 
1008 1223 777 
1009 1220 780 
1010 1224 776 
1011 1221 779 
1012 1224 776 
1013 1221 779 
1014 1226 774 
1015 1223 777 
1016 1226 774 
1017 1224 776 
1018 1227 773 
1019 1224 776 
1020 1228 772 
1021 1225 775 
1022 1229 771 
1023 1225 775 
1024 1228 772 
1025 1225 775 
1026 1229 771 
1027 1224 776 
1028 1229 771 
1029 1225 775 
1030 1232 768 
1031 1226 774 
1032 1231 769 
1033 1226 774 
1034 1231 769 
1035 1226 774 
1036 1232 768 
1037 1226 774 
1038 1230 770 
1039 1226 774 
1040 1230 770 
1041 1226 774 
1042 1230 770 
1043 1226 774 
1044 1230 770 
1045 1226 774 
1046 1232 768 
1047 1227 773 
1048 1230 770 
1049 1226 774 
1050 1231 769 
1051 1228 772 
1052 1231 769 
1053 1226 774 
1054 1229 771 
1055 1222 778 
1056 1225 775 
1057 1222 778 
1058 1225 775 
1059 1221 779 
1060 1225 775 
1061 1221 779 
1062 1225 775 
1063 1220 780 
1064 1225 775 
1065 1221 779 
1066 1225 775 
1067 1221 779 
1068 1224 776 
1069 1220 780 
1070 1224 776 
1071 1218 782 
1072 1222 778 
1073 1217 783 
1074 1222 778 
1075 1218 782 
1076 1221 779 
1077 1217 783 
1078 1220 780 
1079 1216 784 
1080 1219 781 
1081 1216 784 
1082 1218 782 
1083 1215 785 
1084 1217 783 
1085 1213 787 
1086 1216 784 
1087 1212 788 
1088 1214 786 
1089 1212 788 
1090 1214 786 
1091 1210 790 
1092 1213 787 
1093 1209 791 
1094 1211 789 
1095 1209 791 
1096 1209 791 
1097 1207 793 
1098 1209 791 
1099 1207 793 
1100 1210 790 
1101 1208 792 
1102 1210 790 
1103 1208 792 
1104 1209 791 
1105 1208 792 
1106 1209 791 
1107 1207 793 
1108 1208 792 
1109 1205 795 
1110 1206 794 
1111 1204 796 
1112 1206 794 
1113 1203 797 
1114 1205 795 
1115 1201 799 
1116 1202 798 
1117 1200 800 
1118 1201 799 
1119 1199 801 
1120 1201 799 
1121 1198 802 
1122 1199 801 
1123 1197 803 
1124 1200 800 
1125 1197 803 
1126 1200 800 
1127 1197 803 
1128 1198 802 
1129 1195 805 
1130 1198 802 
1131 1196 804 
1132 1198 802 
1133 1194 806 
1134 1195 805 
1135 1194 806 
1136 1194 806 
1137 1192 808 
1138 1192 808 
1139 1191 809 
1140 1191 809 
1141 1190 810 
1142 1193 807 
1143 1190 810 
1144 1190 810 
1145 1188 812 
1146 1189 811 
1147 1188 812 
1148 1189 811 
1149 1190 810 
1150 1191 809 
1151 1189 811 
1152 1190 810 
1153 1188 812 
1154 1188 812 
1155 1188 812 
1156 1188 812 
1157 1187 813 
1158 1186 814 
1159 1185 815 
1160 1184 816 
1161 1183 817 
1162 1184 816 
1163 1183 817 
1164 1183 817 
1165 1182 818 
1166 1182 818 
1167 1182 818 
1168 1182 818 
1169 1182 818 
1170 1182 818 
1171 1181 819 
1172 1181 819 
1173 1181 819 
1174 1182 818 
1175 1182 818 
1176 1183 817 
1177 1183 817 
1178 1183 817 
1179 1183 817 
1180 1183 817 
1181 1183 817 
1182 1183 817 
1183 1182 818 
1184 1182 818 
1185 1181 819 
1186 1180 820 
1187 1180 820 
1188 1180 820 
1189 1180 820 
1190 1180 820 
1191 1180 820 
1192 1179 821 
1193 1178 822 
1194 1177 823 
1195 1177 823 
1196 1177 823 
1197 1177 823 
1198 1177 823 
1199 1178 822 
1200 1177 823 
1201 1179 821 
1202 1178 822 
1203 1180 820 
1204 1180 820 
1205 1182 818 
1206 1181 819 
1207 1183 817 
1208 1182 818 
1209 1186 814 
1210 1184 816 
1211 1187 813 
1212 1183 817 
1213 1187 813 
1214 1182 818 
1215 1184 816 
1216 1181 819 
1217 1183 817 
1218 1181 819 
1219 1181 819 
1220 1176 824 
1221 1180 820 
1222 1176 824 
1223 1178 822 
1224 1176 824 
1225 1178 822 
1226 1174 826 
1227 1180 820 
1228 1178 822 
1229 1181 819 
1230 1178 822 
1231 1182 818 
1232 1178 822 
1233 1180 820 
1234 1177 823 
1235 1180 820 
1236 1176 824 
1237 1178 822 
1238 1176 824 
1239 1178 822 
1240 1175 825 
1241 1179 821 
1242 1177 823 
1243 1181 819 
1244 1178 822 
1245 1181 819 
1246 1178 822 
1247 1181 819 
1248 1178 822 
1249 1181 819 
1250 1178 822 
1251 1181 819 
1252 1178 822 
1253 1180 820 
1254 1177 823 
1255 1180 820 
1256 1178 822 
1257 1182 818 
1258 1178 822 
1259 1179 821 
1260 1175 825 
1261 1177 823 
1262 1175 825 
1263 1177 823 
1264 1173 827 
1265 1175 825 
1266 1172 828 
1267 1173 827 
1268 1170 830 
1269 1173 827 
1270 1168 832 
1271 1170 830 
1272 1164 836 
1273 1167 833 
1274 1164 836 
1275 1166 834 
1276 1162 838 
1277 1165 835 
1278 1162 838 
1279 1166 834 
1280 1164 836 
1281 1166 834 
1282 1163 837 
1283 1164 836 
1284 1162 838 
1285 1162 838 
1286 1162 838 
1287 1165 835 
1288 1162 838 
1289 1165 835 
1290 1160 840 
1291 1163 837 
1292 1160 840 
1293 1161 839 
1294 1160 840 
1295 1161 839 
1296 1158 842 
1297 1162 838 
1298 1158 842 
1299 1161 839 
1300 1158 842 
1301 1161 839 
1302 1158 842 
1303 1162 838 
1304 1159 841 
1305 1162 838 
1306 1160 840 
1307 1165 835 
1308 1161 839 
1309 1164 836 
1310 1163 837 
1311 1167 833 
1312 1164 836 
1313 1167 833 
1314 1163 837 
1315 1165 835 
1316 1163 837 
1317 1165 835 
1318 1162 838 
1319 1164 836 
1320 1163 837 
1321 1164 836 
1322 1162 838 
1323 1163 837 
1324 1160 840 
1325 1160 840 
1326 1157 843 
1327 1159 841 
1328 1157 843 
1329 1160 840 
1330 1160 840 
1331 1161 839 
1332 1159 841 
1333 1161 839 
1334 1160 840 
1335 1160 840 
1336 1158 842 
1337 1159 841 
1338 1158 842 
1339 1161 839 
1340 1159 841 
1341 1162 838 
1342 1160 840 
1343 1163 837 
1344 1161 839 
1345 1162 838 
1346 1159 841 
1347 1163 837 
1348 1161 839 
1349 1163 837 
1350 1160 840 
1351 1162 838 
1352 1159 841 
1353 1162 838 
1354 1160 840 
1355 1160 840 
1356 1157 843 
1357 1158 842 
1358 1156 844 
1359 1157 843 
1360 1155 845 
1361 1155 845 
1362 1152 848 
1363 1157 843 
1364 1155 845 
1365 1156 844 
1366 1154 846 
1367 1156 844 
1368 1154 846 
1369 1157 843 
1370 1157 843 
1371 1159 841 
1372 1156 844 
1373 1158 842 
1374 1156 844 
1375 1158 842 
1376 1158 842 
1377 1160 840 
1378 1157 843 
1379 1157 843 
1380 1155 845 
1381 1156 844 
1382 1156 844 
1383 1157 843 
1384 1154 846 
1385 1156 844 
1386 1156 844 
1387 1156 844 
1388 1155 845 
1389 1156 844 
1390 1155 845 
1391 1156 844 
1392 1154 846 
1393 1155 845 
1394 1154 846 
1395 1155 845 
1396 1152 848 
1397 1153 847 
1398 1150 850 
1399 1152 848 
1400 1151 849 
1401 1152 848 
1402 1152 848 
1403 1153 847 
1404 1151 849 
1405 1152 848 
1406 1150 850 
1407 1150 850 
1408 1149 851 
1409 1150 850 
1410 1147 853 
1411 1147 853 
1412 1144 856 
1413 1145 855 
1414 1143 857 
1415 1146 854 
1416 1142 858 
1417 1144 856 
1418 1142 858 
1419 1144 856 
1420 1143 857 
1421 1145 855 
1422 1143 857 
1423 1145 855 
1424 1142 858 
1425 1145 855 
1426 1144 856 
1427 1146 854 
1428 1143 857 
1429 1145 855 
1430 1143 857 
1431 1145 855 
1432 1142 858 
1433 1144 856 
1434 1143 857 
1435 1144 856 
1436 1142 858 
1437 1144 856 
1438 1142 858 
1439 1144 856 
1440 1143 857 
1441 1146 854 
1442 1145 855 
1443 1148 852 
1444 1146 854 
1445 1148 852 
1446 1146 854 
1447 1146 854 
1448 1145 855 
1449 1146 854 
1450 1145 855 
1451 1145 855 
1452 1144 856 
1453 1144 856 
1454 1144 856 
1455 1144 856 
1456 1141 859 
1457 1141 859 
1458 1138 862 
1459 1140 860 
1460 1139 861 
1461 1141 859 
1462 1139 861 
1463 1141 859 
1464 1138 862 
1465 1138 862 
1466 1136 864 
1467 1136 864 
1468 1135 865 
1469 1136 864 
1470 1135 865 
1471 1136 864 
1472 1135 865 
1473 1135 865 
1474 1135 865 
1475 1135 865 
1476 1135 865 
1477 1136 864 
1478 1135 865 
1479 1135 865 
1480 1135 865 
1481 1136 864 
1482 1135 865 
1483 1135 865 
1484 1134 866 
1485 1135 865 
1486 1133 867 
1487 1134 866 
1488 1132 868 
1489 1133 867 
1490 1132 868 
1491 1133 867 
1492 1131 869 
1493 1132 868 
1494 1134 866 
1495 1134 866 
1496 1133 867 
1497 1133 867 
1498 1132 868 
1499 1133 867 
1500 1132 868 
1501 1134 866 
1502 1133 867 
1503 1133 867 
1504 1132 868 
1505 1135 865 
1506 1134 866 
1507 1135 865 
1508 1136 864 
1509 1137 863 
1510 1136 864 
1511 1135 865 
1512 1134 866 
1513 1134 866 
1514 1133 867 
1515 1133 867 
1516 1131 869 
1517 1132 868 
1518 1130 870 
1519 1131 869 
1520 1130 870 
1521 1131 869 
1522 1130 870 
1523 1129 871 
1524 1127 873 
1525 1128 872 
1526 1127 873 
1527 1126 874 
1528 1124 876 
1529 1125 875 
1530 1123 877 
1531 1124 876 
1532 1121 879 
1533 1122 878 
1534 1121 879 
1535 1122 878 
1536 1121 879 
1537 1122 878 
1538 1120 880 
1539 1120 880 
1540 1119 881 
1541 1120 880 
1542 1119 881 
1543 1120 880 
1544 1119 881 
1545 1119 881 
1546 1118 882 
1547 1119 881 
1548 1118 882 
1549 1117 883 
1550 1117 883 
1551 1118 882 
1552 1117 883 
1553 1116 884 
1554 1116 884 
1555 1117 883 
1556 1117 883 
1557 1118 882 
1558 1118 882 
1559 1120 880 
1560 1119 881 
1561 1119 881 
1562 1118 882 
1563 1120 880 
1564 1119 881 
1565 1116 884 
1566 1115 885 
1567 1116 884 
1568 1115 885 
1569 1116 884 
1570 1118 882 
1571 1118 882 
1572 1117 883 
1573 1116 884 
1574 1117 883 
1575 1119 881 
1576 1117 883 
1577 1116 884 
1578 1116 884 
1579 1116 884 
1580 1116 884 
1581 1113 887 
1582 1113 887 
1583 1113 887 
1584 1113 887 
1585 1111 889 
1586 1111 889 
1587 1110 890 
1588 1111 889 
1589 1110 890 
1590 1113 887 
1591 1112 888 
1592 1114 886 
1593 1112 888 
1594 1113 887 
1595 1112 888 
1596 1114 886 
1597 1114 886 
1598 1113 887 
1599 1112 888 
1600 1115 885 
1601 1114 886 
1602 1116 884 
1603 1115 885 
1604 1116 884 
1605 1115 885 
1606 1115 885 
1607 1114 886 
1608 1114 886 
1609 1111 889 
1610 1112 888 
1611 1112 888 
1612 1114 886 
1613 1115 885 
1614 1116 884 
1615 1115 885 
1616 1116 884 
1617 1114 886 
1618 1114 886 
1619 1111 889 
1620 1111 889 
1621 1111 889 
1622 1112 888 
1623 1112 888 
1624 1113 887 
1625 1112 888 
1626 1114 886 
1627 1113 887 
1628 1114 886 
1629 1111 889 
1630 1112 888 
1631 1111 889 
1632 1110 890 
1633 1109 891 
1634 1110 890 
1635 1109 891 
1636 1110 890 
1637 1111 889 
1638 1112 888 
1639 1111 889 
1640 1111 889 
1641 1110 890 
1642 1112 888 
1643 1112 888 
1644 1111 889 
1645 1109 891 
1646 1109 891 
1647 1110 890 
1648 1107 893 
1649 1106 894 
1650 1105 895 
1651 1104 896 
1652 1105 895 
1653 1105 895 
1654 1103 897 
1655 1102 898 
1656 1102 898 
1657 1103 897 
1658 1103 897 
1659 1101 899 
1660 1099 901 
1661 1099 901 
1662 1099 901 
1663 1097 903 
1664 1096 904 
1665 1095 905 
1666 1095 905 
1667 1096 904 
1668 1097 903 
1669 1096 904 
