0 5000 0 
1 4996 4 
2 4995 5 
3 4990 10 
4 4982 18 
5 4975 25 
6 4974 26 
7 4973 27 
8 4965 35 
9 4961 39 
10 4958 42 
11 4954 46 
12 4949 51 
13 4944 56 
14 4940 60 
15 4937 63 
16 4928 72 
17 4923 77 
18 4918 82 
19 4916 84 
20 4909 91 
21 4905 95 
22 4901 99 
23 4897 103 
24 4889 111 
25 4889 111 
26 4883 117 
27 4880 120 
28 4870 130 
29 4870 130 
30 4861 139 
31 4860 140 
32 4848 152 
33 4849 151 
34 4841 159 
35 4838 162 
36 4826 174 
37 4825 175 
38 4819 181 
39 4819 181 
40 4811 189 
41 4809 191 
42 4802 198 
43 4802 198 
44 4794 206 
45 4790 210 
46 4785 215 
47 4785 215 
48 4780 220 
49 4778 222 
50 4765 235 
51 4758 242 
52 4746 254 
53 4745 255 
54 4735 265 
55 4733 267 
56 4728 272 
57 4730 270 
58 4722 278 
59 4721 279 
60 4716 284 
61 4715 285 
62 4709 291 
63 4705 295 
64 4697 303 
65 4696 304 
66 4690 310 
67 4689 311 
68 4681 319 
69 4674 326 
70 4664 336 
71 4663 337 
72 4655 345 
73 4654 346 
74 4647 353 
75 4645 355 
76 4639 361 
77 4631 369 
78 4621 379 
79 4616 384 
80 4606 394 
81 4602 398 
82 4592 408 
83 4589 411 
84 4578 422 
85 4571 429 
86 4565 435 
87 4557 443 
88 4547 453 
89 4544 456 
90 4538 462 
91 4535 465 
92 4522 478 
93 4523 477 
94 4510 490 
95 4509 491 
96 4497 503 
97 4497 503 
98 4487 513 
99 4487 513 
100 4475 525 
101 4473 527 
102 4462 538 
103 4457 543 
104 4443 557 
105 4440 560 
106 4429 571 
107 4428 572 
108 4420 580 
109 4418 582 
110 4411 589 
111 4407 593 
112 4398 602 
113 4397 603 
114 4392 608 
115 4390 610 
116 4381 619 
117 4376 624 
118 4369 631 
119 4367 633 
120 4359 641 
121 4357 643 
122 4349 651 
123 4345 655 
124 4338 662 
125 4335 665 
126 4329 671 
127 4326 674 
128 4317 683 
129 4315 685 
130 4307 693 
131 4307 693 
132 4296 704 
133 4284 716 
134 4279 721 
135 4276 724 
136 4268 732 
137 4266 734 
138 4252 748 
139 4252 748 
140 4243 757 
141 4241 759 
142 4233 767 
143 4231 769 
144 4215 785 
145 4209 791 
146 4196 804 
147 4195 805 
148 4186 814 
149 4187 813 
150 4177 823 
151 4174 826 
152 4166 834 
153 4158 842 
154 4152 848 
155 4147 853 
156 4138 862 
157 4134 866 
158 4125 875 
159 4118 882 
160 4107 893 
161 4103 897 
162 4095 905 
163 4092 908 
164 4089 911 
165 4081 919 
166 4077 923 
167 4073 927 
168 4066 934 
169 4061 939 
170 4055 945 
171 4045 955 
172 4043 957 
173 4040 960 
174 4037 963 
175 4029 971 
176 4023 977 
177 4014 986 
178 4006 994 
179 3996 1004 
180 3991 1009 
181 3981 1019 
182 3978 1022 
183 3969 1031 
184 3968 1032 
185 3958 1042 
186 3954 1046 
187 3943 1057 
188 3939 1061 
189 3924 1076 
190 3923 1077 
191 3913 1087 
192 3910 1090 
193 3900 1100 
194 3896 1104 
195 3881 1119 
196 3879 1121 
197 3869 1131 
198 3865 1135 
199 3858 1142 
200 3852 1148 
201 3843 1157 
202 3836 1164 
203 3828 1172 
204 3829 1171 
205 3815 1185 
206 3812 1188 
207 3803 1197 
208 3802 1198 
209 3791 1209 
210 3788 1212 
211 3780 1220 
212 3775 1225 
213 3762 1238 
214 3757 1243 
215 3750 1250 
216 3744 1256 
217 3732 1268 
218 3727 1273 
219 3717 1283 
220 3717 1283 
221 3710 1290 
222 3702 1298 
223 3691 1309 
224 3686 1314 
225 3677 1323 
226 3669 1331 
227 3662 1338 
228 3659 1341 
229 3645 1355 
230 3647 1353 
231 3629 1371 
232 3630 1370 
233 3621 1379 
234 3616 1384 
235 3609 1391 
236 3605 1395 
237 3597 1403 
238 3589 1411 
239 3581 1419 
240 3578 1422 
241 3569 1431 
242 3565 1435 
243 3559 1441 
244 3557 1443 
245 3545 1455 
246 3543 1457 
247 3536 1464 
248 3531 1469 
249 3523 1477 
250 3520 1480 
251 3508 1492 
252 3509 1491 
253 3502 1498 
254 3496 1504 
255 3486 1514 
256 3482 1518 
257 3471 1529 
258 3468 1532 
259 3459 1541 
260 3460 1540 
261 3444 1556 
262 3441 1559 
263 3430 1570 
264 3427 1573 
265 3421 1579 
266 3418 1582 
267 3410 1590 
268 3406 1594 
269 3394 1606 
270 3391 1609 
271 3383 1617 
272 3379 1621 
273 3369 1631 
274 3365 1635 
275 3354 1646 
276 3352 1648 
277 3342 1658 
278 3342 1658 
279 3337 1663 
280 3332 1668 
281 3324 1676 
282 3319 1681 
283 3313 1687 
284 3309 1691 
285 3304 1696 
286 3301 1699 
287 3298 1702 
288 3296 1704 
289 3289 1711 
290 3287 1713 
291 3282 1718 
292 3277 1723 
293 3271 1729 
294 3270 1730 
295 3262 1738 
296 3261 1739 
297 3256 1744 
298 3255 1745 
299 3252 1748 
300 3246 1754 
301 3241 1759 
302 3236 1764 
303 3230 1770 
304 3225 1775 
305 3222 1778 
306 3213 1787 
307 3204 1796 
308 3201 1799 
309 3199 1801 
310 3195 1805 
311 3191 1809 
312 3188 1812 
313 3181 1819 
314 3172 1828 
315 3168 1832 
316 3163 1837 
317 3159 1841 
318 3151 1849 
319 3149 1851 
320 3143 1857 
321 3140 1860 
322 3136 1864 
323 3130 1870 
324 3123 1877 
325 3118 1882 
326 3115 1885 
327 3115 1885 
328 3107 1893 
329 3102 1898 
330 3099 1901 
331 3093 1907 
332 3089 1911 
333 3090 1910 
334 3076 1924 
335 3069 1931 
336 3064 1936 
337 3060 1940 
338 3049 1951 
339 3047 1953 
340 3039 1961 
341 3040 1960 
342 3035 1965 
343 3033 1967 
344 3025 1975 
345 3025 1975 
346 3017 1983 
347 3012 1988 
348 3006 1994 
349 3002 1998 
350 2995 2005 
351 2994 2006 
352 2984 2016 
353 2985 2015 
354 2978 2022 
355 2978 2022 
356 2971 2029 
357 2969 2031 
358 2962 2038 
359 2960 2040 
360 2953 2047 
361 2952 2048 
362 2942 2058 
363 2937 2063 
364 2933 2067 
365 2933 2067 
366 2923 2077 
367 2925 2075 
368 2919 2081 
369 2922 2078 
370 2917 2083 
371 2917 2083 
372 2907 2093 
373 2909 2091 
374 2897 2103 
375 2900 2100 
376 2898 2102 
377 2900 2100 
378 2890 2110 
379 2890 2110 
380 2882 2118 
381 2879 2121 
382 2868 2132 
383 2870 2130 
384 2862 2138 
385 2861 2139 
386 2855 2145 
387 2856 2144 
388 2851 2149 
389 2848 2152 
390 2842 2158 
391 2843 2157 
392 2836 2164 
393 2835 2165 
394 2829 2171 
395 2828 2172 
396 2821 2179 
397 2820 2180 
398 2811 2189 
399 2811 2189 
400 2804 2196 
401 2806 2194 
402 2800 2200 
403 2799 2201 
404 2794 2206 
405 2794 2206 
406 2788 2212 
407 2790 2210 
408 2784 2216 
409 2785 2215 
410 2777 2223 
411 2773 2227 
412 2762 2238 
413 2764 2236 
414 2759 2241 
415 2755 2245 
416 2749 2251 
417 2751 2249 
418 2748 2252 
419 2748 2252 
420 2745 2255 
421 2747 2253 
422 2738 2262 
423 2739 2261 
424 2733 2267 
425 2734 2266 
426 2728 2272 
427 2723 2277 
