0 2000 0 
1 1998 2 
2 1997 3 
3 1992 8 
4 1992 8 
5 1991 9 
6 1989 11 
7 1988 12 
8 1986 14 
9 1984 16 
10 1982 18 
11 1978 22 
12 1974 26 
13 1972 28 
14 1967 33 
15 1963 37 
16 1959 41 
17 1959 41 
18 1955 45 
19 1952 48 
20 1951 49 
21 1946 54 
22 1942 58 
23 1941 59 
24 1936 64 
25 1934 66 
26 1933 67 
27 1931 69 
28 1927 73 
29 1925 75 
30 1922 78 
31 1918 82 
32 1915 85 
33 1913 87 
34 1912 88 
35 1910 90 
36 1904 96 
37 1902 98 
38 1899 101 
39 1896 104 
40 1894 106 
41 1890 110 
42 1889 111 
43 1885 115 
44 1880 120 
45 1875 125 
46 1872 128 
47 1868 132 
48 1865 135 
49 1862 138 
50 1861 139 
51 1855 145 
52 1855 145 
53 1851 149 
54 1849 151 
55 1846 154 
56 1846 154 
57 1841 159 
58 1840 160 
59 1837 163 
60 1836 164 
61 1828 172 
62 1829 171 
63 1823 177 
64 1823 177 
65 1815 185 
66 1816 184 
67 1808 192 
68 1809 191 
69 1805 195 
70 1805 195 
71 1801 199 
72 1802 198 
73 1796 204 
74 1795 205 
75 1793 207 
76 1792 208 
77 1787 213 
78 1786 214 
79 1781 219 
80 1779 221 
81 1777 223 
82 1777 223 
83 1771 229 
84 1767 233 
85 1761 239 
86 1760 240 
87 1754 246 
88 1752 248 
89 1748 252 
90 1745 255 
91 1740 260 
92 1740 260 
93 1737 263 
94 1737 263 
95 1731 269 
96 1731 269 
97 1728 272 
98 1724 276 
99 1715 285 
100 1716 284 
101 1713 287 
102 1712 288 
103 1709 291 
104 1706 294 
105 1703 297 
106 1701 299 
107 1698 302 
108 1694 306 
109 1688 312 
110 1687 313 
111 1685 315 
112 1684 316 
113 1683 317 
114 1680 320 
115 1673 327 
116 1674 326 
117 1668 332 
118 1665 335 
119 1661 339 
120 1658 342 
121 1655 345 
122 1647 353 
123 1643 357 
124 1641 359 
125 1636 364 
126 1634 366 
127 1633 367 
128 1626 374 
129 1623 377 
130 1620 380 
131 1617 383 
132 1612 388 
133 1608 392 
134 1607 393 
135 1604 396 
136 1599 401 
137 1596 404 
138 1592 408 
139 1588 412 
140 1584 416 
141 1580 420 
142 1578 422 
143 1575 425 
144 1575 425 
145 1573 427 
146 1569 431 
147 1565 435 
148 1563 437 
149 1557 443 
150 1557 443 
151 1548 452 
152 1548 452 
153 1545 455 
154 1540 460 
155 1536 464 
156 1532 468 
157 1530 470 
158 1526 474 
159 1524 476 
160 1520 480 
161 1513 487 
162 1510 490 
163 1504 496 
164 1501 499 
165 1496 504 
166 1493 507 
167 1488 512 
168 1487 513 
169 1481 519 
170 1479 521 
171 1479 521 
172 1476 524 
173 1471 529 
174 1466 534 
175 1461 539 
176 1457 543 
177 1454 546 
178 1450 550 
179 1446 554 
180 1446 554 
181 1442 558 
182 1441 559 
183 1436 564 
184 1435 565 
185 1430 570 
186 1425 575 
187 1421 579 
188 1418 582 
189 1415 585 
190 1409 591 
191 1410 590 
192 1406 594 
193 1406 594 
194 1403 597 
195 1399 601 
196 1391 609 
197 1388 612 
198 1386 614 
199 1383 617 
200 1379 621 
201 1378 622 
202 1375 625 
203 1370 630 
204 1369 631 
205 1365 635 
206 1359 641 
207 1356 644 
208 1353 647 
209 1348 652 
210 1342 658 
211 1336 664 
212 1332 668 
213 1331 669 
214 1329 671 
215 1324 676 
216 1319 681 
217 1315 685 
218 1315 685 
219 1312 688 
220 1306 694 
221 1303 697 
222 1302 698 
223 1299 701 
224 1294 706 
225 1291 709 
226 1289 711 
227 1283 717 
228 1281 719 
229 1279 721 
230 1277 723 
231 1273 727 
232 1269 731 
233 1263 737 
234 1260 740 
235 1255 745 
236 1251 749 
237 1248 752 
238 1243 757 
239 1238 762 
240 1236 764 
241 1234 766 
242 1233 767 
243 1234 766 
244 1232 768 
245 1229 771 
246 1228 772 
247 1227 773 
248 1227 773 
249 1225 775 
250 1222 778 
251 1220 780 
252 1219 781 
253 1218 782 
254 1215 785 
255 1214 786 
256 1213 787 
257 1210 790 
258 1207 793 
259 1202 798 
260 1199 801 
261 1196 804 
262 1191 809 
263 1189 811 
264 1189 811 
265 1183 817 
266 1181 819 
267 1175 825 
268 1174 826 
269 1173 827 
270 1168 832 
271 1165 835 
272 1163 837 
273 1160 840 
274 1157 843 
275 1154 846 
276 1152 848 
277 1146 854 
278 1142 858 
279 1141 859 
280 1138 862 
281 1134 866 
282 1132 868 
283 1130 870 
284 1129 871 
285 1129 871 
286 1127 873 
287 1122 878 
288 1122 878 
289 1122 878 
290 1114 886 
291 1111 889 
292 1108 892 
293 1106 894 
294 1104 896 
295 1099 901 
296 1099 901 
297 1094 906 
298 1093 907 
299 1091 909 
300 1091 909 
301 1090 910 
302 1087 913 
303 1084 916 
304 1083 917 
