0 2000 0 
1 1997 3 
2 1995 5 
3 1994 6 
4 1993 7 
5 1992 8 
6 1988 12 
7 1984 16 
8 1980 20 
9 1975 25 
10 1973 27 
11 1969 31 
12 1967 33 
13 1962 38 
14 1961 39 
15 1959 41 
16 1956 44 
17 1952 48 
18 1949 51 
19 1946 54 
20 1944 56 
21 1944 56 
22 1939 61 
23 1933 67 
24 1930 70 
25 1924 76 
26 1922 78 
27 1921 79 
28 1917 83 
29 1910 90 
30 1909 91 
31 1908 92 
32 1906 94 
33 1902 98 
34 1897 103 
35 1896 104 
36 1893 107 
37 1892 108 
38 1890 110 
39 1890 110 
40 1886 114 
41 1884 116 
42 1881 119 
43 1878 122 
44 1874 126 
45 1872 128 
46 1870 130 
47 1869 131 
48 1867 133 
49 1863 137 
50 1860 140 
51 1860 140 
52 1853 147 
53 1850 150 
54 1846 154 
55 1847 153 
56 1839 161 
57 1838 162 
58 1835 165 
59 1832 168 
60 1825 175 
61 1824 176 
62 1822 178 
63 1821 179 
64 1818 182 
65 1817 183 
66 1814 186 
67 1810 190 
68 1807 193 
69 1805 195 
70 1801 199 
71 1801 199 
72 1798 202 
73 1795 205 
74 1791 209 
75 1792 208 
76 1789 211 
77 1787 213 
78 1783 217 
79 1780 220 
80 1774 226 
81 1773 227 
82 1770 230 
83 1769 231 
84 1765 235 
85 1760 240 
86 1754 246 
87 1754 246 
88 1750 250 
89 1747 253 
90 1742 258 
91 1739 261 
92 1734 266 
93 1731 269 
94 1724 276 
95 1723 277 
96 1717 283 
97 1715 285 
98 1710 290 
99 1710 290 
100 1706 294 
101 1703 297 
102 1698 302 
103 1695 305 
104 1691 309 
105 1691 309 
106 1684 316 
107 1684 316 
108 1681 319 
109 1680 320 
110 1678 322 
111 1679 321 
112 1675 325 
113 1670 330 
114 1665 335 
115 1664 336 
116 1661 339 
117 1658 342 
118 1655 345 
119 1654 346 
120 1651 349 
121 1648 352 
122 1643 357 
123 1639 361 
124 1635 365 
125 1632 368 
126 1629 371 
127 1625 375 
128 1622 378 
129 1618 382 
130 1614 386 
131 1612 388 
132 1610 390 
133 1605 395 
134 1604 396 
135 1603 397 
136 1601 399 
137 1594 406 
138 1592 408 
139 1589 411 
140 1588 412 
141 1583 417 
142 1581 419 
143 1578 422 
144 1574 426 
145 1568 432 
146 1568 432 
147 1565 435 
148 1564 436 
149 1559 441 
150 1557 443 
151 1552 448 
152 1551 449 
153 1548 452 
154 1545 455 
155 1541 459 
156 1539 461 
157 1534 466 
158 1532 468 
159 1528 472 
160 1525 475 
161 1519 481 
162 1516 484 
163 1509 491 
164 1510 490 
165 1509 491 
166 1505 495 
167 1500 500 
168 1497 503 
169 1495 505 
170 1490 510 
171 1488 512 
172 1486 514 
173 1482 518 
174 1482 518 
175 1479 521 
176 1477 523 
177 1471 529 
178 1469 531 
179 1461 539 
180 1456 544 
181 1449 551 
182 1448 552 
183 1441 559 
184 1440 560 
185 1434 566 
186 1435 565 
187 1423 577 
188 1421 579 
189 1415 585 
190 1414 586 
191 1407 593 
192 1407 593 
193 1400 600 
194 1396 604 
195 1390 610 
196 1388 612 
197 1380 620 
198 1381 619 
199 1376 624 
200 1371 629 
201 1364 636 
202 1364 636 
203 1359 641 
204 1358 642 
205 1350 650 
206 1351 649 
207 1347 653 
208 1350 650 
209 1341 659 
210 1342 658 
211 1334 666 
212 1336 664 
213 1328 672 
214 1332 668 
215 1327 673 
216 1328 672 
217 1322 678 
218 1324 676 
219 1316 684 
220 1315 685 
221 1309 691 
222 1312 688 
223 1304 696 
224 1306 694 
225 1301 699 
226 1301 699 
227 1293 707 
228 1296 704 
229 1289 711 
230 1293 707 
231 1287 713 
232 1289 711 
233 1280 720 
234 1281 719 
235 1271 729 
236 1275 725 
237 1267 733 
238 1270 730 
239 1261 739 
240 1263 737 
241 1255 745 
242 1257 743 
243 1249 751 
244 1252 748 
245 1243 757 
246 1245 755 
247 1236 764 
248 1239 761 
249 1232 768 
250 1235 765 
251 1227 773 
252 1232 768 
253 1223 777 
254 1224 776 
255 1217 783 
256 1221 779 
257 1212 788 
258 1217 783 
259 1209 791 
260 1207 793 
261 1201 799 
262 1200 800 
263 1191 809 
264 1192 808 
265 1185 815 
266 1189 811 
267 1184 816 
268 1186 814 
269 1178 822 
270 1181 819 
271 1173 827 
272 1177 823 
273 1170 830 
274 1171 829 
275 1166 834 
276 1167 833 
277 1162 838 
278 1166 834 
279 1161 839 
280 1162 838 
281 1157 843 
282 1161 839 
283 1154 846 
284 1155 845 
285 1148 852 
286 1147 853 
287 1139 861 
288 1143 857 
289 1137 863 
290 1136 864 
291 1131 869 
292 1133 867 
293 1128 872 
294 1133 867 
295 1129 871 
296 1133 867 
297 1126 874 
298 1129 871 
299 1122 878 
300 1125 875 
301 1121 879 
302 1124 876 
303 1120 880 
304 1122 878 
305 1116 884 
306 1118 882 
307 1113 887 
308 1113 887 
309 1107 893 
310 1108 892 
311 1102 898 
312 1104 896 
313 1099 901 
314 1100 900 
315 1096 904 
316 1097 903 
317 1092 908 
318 1093 907 
319 1084 916 
320 1088 912 
321 1084 916 
322 1086 914 
323 1082 918 
324 1086 914 
