0 3000 0 
1 2998 2 
2 2997 3 
3 2991 9 
4 2991 9 
5 2988 12 
6 2986 14 
7 2984 16 
8 2983 17 
9 2981 19 
10 2979 21 
11 2976 24 
12 2975 25 
13 2972 28 
14 2970 30 
15 2968 32 
16 2969 31 
17 2962 38 
18 2956 44 
19 2950 50 
20 2951 49 
21 2946 54 
22 2942 58 
23 2940 60 
24 2938 62 
25 2935 65 
26 2934 66 
27 2933 67 
28 2933 67 
29 2931 69 
30 2928 72 
31 2920 80 
32 2921 79 
33 2914 86 
34 2912 88 
35 2908 92 
36 2907 93 
37 2904 96 
38 2903 97 
39 2896 104 
40 2899 101 
41 2893 107 
42 2893 107 
43 2889 111 
44 2889 111 
45 2883 117 
46 2884 116 
47 2879 121 
48 2877 123 
49 2874 126 
50 2875 125 
51 2872 128 
52 2869 131 
53 2862 138 
54 2863 137 
55 2858 142 
56 2857 143 
57 2852 148 
58 2849 151 
59 2844 156 
60 2839 161 
61 2836 164 
62 2836 164 
63 2830 170 
64 2829 171 
65 2825 175 
66 2820 180 
67 2816 184 
68 2815 185 
69 2809 191 
70 2806 194 
71 2801 199 
72 2800 200 
73 2796 204 
74 2795 205 
75 2791 209 
76 2786 214 
77 2780 220 
78 2779 221 
79 2770 230 
80 2771 229 
81 2766 234 
82 2766 234 
83 2763 237 
84 2761 239 
85 2756 244 
86 2756 244 
87 2753 247 
88 2756 244 
89 2752 248 
90 2752 248 
91 2740 260 
92 2740 260 
93 2734 266 
94 2733 267 
95 2725 275 
96 2726 274 
97 2719 281 
98 2719 281 
99 2712 288 
100 2712 288 
101 2708 292 
102 2708 292 
103 2698 302 
104 2699 301 
105 2693 307 
106 2691 309 
107 2686 314 
108 2686 314 
109 2678 322 
110 2679 321 
111 2670 330 
112 2666 334 
113 2659 341 
114 2660 340 
115 2655 345 
116 2656 344 
117 2646 354 
118 2646 354 
119 2639 361 
120 2643 357 
121 2636 364 
122 2636 364 
123 2631 369 
124 2631 369 
125 2621 379 
126 2622 378 
127 2615 385 
128 2616 384 
129 2603 397 
130 2605 395 
131 2597 403 
132 2597 403 
133 2591 409 
134 2591 409 
135 2582 418 
136 2580 420 
137 2571 429 
138 2572 428 
139 2570 430 
140 2570 430 
141 2566 434 
142 2562 438 
143 2557 443 
144 2556 444 
145 2547 453 
146 2546 454 
147 2539 461 
148 2534 466 
149 2529 471 
150 2529 471 
151 2522 478 
152 2521 479 
153 2516 484 
154 2510 490 
155 2504 496 
156 2500 500 
157 2492 508 
158 2489 511 
159 2488 512 
160 2484 516 
161 2478 522 
162 2478 522 
163 2476 524 
164 2471 529 
165 2466 534 
166 2468 532 
167 2462 538 
168 2463 537 
169 2453 547 
170 2450 550 
171 2444 556 
172 2439 561 
173 2434 566 
174 2431 569 
175 2425 575 
176 2424 576 
177 2419 581 
178 2417 583 
179 2412 588 
180 2405 595 
181 2397 603 
182 2393 607 
183 2390 610 
184 2386 614 
185 2383 617 
186 2381 619 
187 2379 621 
188 2377 623 
189 2376 624 
190 2371 629 
191 2368 632 
192 2362 638 
193 2361 639 
194 2355 645 
195 2352 648 
196 2346 654 
197 2346 654 
198 2344 656 
199 2343 657 
200 2343 657 
201 2341 659 
202 2337 663 
203 2335 665 
204 2329 671 
205 2325 675 
206 2321 679 
207 2317 683 
208 2314 686 
209 2313 687 
210 2310 690 
211 2309 691 
212 2302 698 
213 2300 700 
214 2296 704 
215 2289 711 
216 2287 713 
217 2285 715 
218 2281 719 
219 2276 724 
220 2270 730 
221 2266 734 
222 2260 740 
223 2261 739 
224 2258 742 
225 2259 741 
226 2254 746 
227 2252 748 
228 2244 756 
229 2243 757 
230 2236 764 
231 2238 762 
232 2226 774 
233 2223 777 
234 2217 783 
235 2216 784 
236 2205 795 
237 2207 793 
238 2193 807 
239 2191 809 
240 2183 817 
241 2182 818 
242 2172 828 
243 2176 824 
244 2172 828 
245 2175 825 
246 2167 833 
247 2167 833 
248 2160 840 
249 2161 839 
250 2152 848 
251 2154 846 
252 2146 854 
253 2151 849 
254 2141 859 
255 2145 855 
256 2135 865 
257 2138 862 
258 2129 871 
259 2135 865 
260 2123 877 
261 2128 872 
262 2120 880 
263 2122 878 
264 2107 893 
265 2113 887 
266 2102 898 
267 2109 891 
268 2098 902 
269 2104 896 
270 2095 905 
271 2096 904 
272 2087 913 
273 2090 910 
274 2081 919 
275 2086 914 
276 2075 925 
277 2080 920 
278 2065 935 
279 2071 929 
280 2060 940 
281 2063 937 
282 2052 948 
283 2055 945 
284 2045 955 
285 2050 950 
286 2036 964 
287 2039 961 
288 2030 970 
289 2036 964 
290 2028 972 
291 2032 968 
292 2022 978 
293 2026 974 
294 2017 983 
295 2021 979 
296 2009 991 
297 2011 989 
298 2002 998 
299 2004 996 
300 1990 1010 
301 1994 1006 
302 1981 1019 
303 1986 1014 
304 1980 1020 
305 1986 1014 
306 1977 1023 
307 1979 1021 
308 1971 1029 
309 1972 1028 
310 1965 1035 
311 1971 1029 
312 1963 1037 
313 1968 1032 
314 1957 1043 
315 1963 1037 
316 1954 1046 
317 1959 1041 
318 1948 1052 
319 1952 1048 
320 1944 1056 
321 1944 1056 
322 1935 1065 
323 1939 1061 
324 1931 1069 
325 1936 1064 
326 1927 1073 
327 1932 1068 
328 1924 1076 
329 1929 1071 
330 1919 1081 
331 1922 1078 
332 1915 1085 
333 1916 1084 
334 1910 1090 
335 1913 1087 
336 1906 1094 
337 1910 1090 
338 1900 1100 
339 1903 1097 
340 1895 1105 
341 1897 1103 
342 1887 1113 
343 1892 1108 
344 1884 1116 
345 1885 1115 
346 1877 1123 
347 1875 1125 
348 1864 1136 
349 1869 1131 
350 1863 1137 
351 1866 1134 
352 1858 1142 
353 1867 1133 
354 1861 1139 
355 1866 1134 
356 1858 1142 
357 1864 1136 
358 1855 1145 
359 1858 1142 
360 1851 1149 
361 1853 1147 
362 1846 1154 
363 1849 1151 
364 1845 1155 
365 1847 1153 
366 1842 1158 
367 1846 1154 
368 1839 1161 
369 1841 1159 
370 1834 1166 
371 1835 1165 
372 1833 1167 
373 1836 1164 
374 1831 1169 
375 1830 1170 
376 1824 1176 
377 1826 1174 
378 1819 1181 
379 1820 1180 
380 1814 1186 
381 1813 1187 
382 1806 1194 
383 1806 1194 
384 1798 1202 
385 1800 1200 
386 1796 1204 
387 1797 1203 
388 1792 1208 
389 1792 1208 
390 1785 1215 
391 1779 1221 
392 1772 1228 
393 1770 1230 
394 1770 1230 
395 1768 1232 
396 1759 1241 
397 1756 1244 
398 1751 1249 
399 1751 1249 
400 1750 1250 
401 1749 1251 
402 1748 1252 
403 1747 1253 
404 1747 1253 
405 1747 1253 
406 1742 1258 
407 1741 1259 
408 1741 1259 
409 1738 1262 
410 1737 1263 
411 1735 1265 
412 1737 1263 
413 1734 1266 
414 1735 1265 
415 1730 1270 
416 1733 1267 
417 1726 1274 
418 1726 1274 
419 1719 1281 
420 1721 1279 
421 1715 1285 
422 1717 1283 
423 1714 1286 
424 1716 1284 
425 1713 1287 
426 1713 1287 
427 1707 1293 
428 1710 1290 
429 1707 1293 
430 1708 1292 
431 1701 1299 
432 1702 1298 
433 1695 1305 
434 1697 1303 
435 1694 1306 
436 1699 1301 
437 1695 1305 
438 1698 1302 
439 1695 1305 
440 1696 1304 
441 1690 1310 
442 1693 1307 
443 1690 1310 
444 1691 1309 
445 1687 1313 
446 1692 1308 
447 1685 1315 
448 1687 1313 
449 1683 1317 
450 1684 1316 
451 1680 1320 
452 1681 1319 
453 1679 1321 
454 1682 1318 
455 1677 1323 
456 1680 1320 
457 1673 1327 
458 1675 1325 
459 1666 1334 
460 1670 1330 
461 1664 1336 
462 1667 1333 
463 1661 1339 
464 1664 1336 
465 1661 1339 
466 1665 1335 
467 1660 1340 
468 1661 1339 
469 1658 1342 
470 1662 1338 
471 1654 1346 
472 1654 1346 
473 1651 1349 
474 1655 1345 
475 1650 1350 
476 1647 1353 
477 1642 1358 
478 1642 1358 
479 1635 1365 
480 1636 1364 
481 1630 1370 
482 1633 1367 
483 1629 1371 
484 1631 1369 
485 1624 1376 
