0 1000 0 
1 999 1 
2 997 3 
3 997 3 
4 996 4 
5 995 5 
6 993 7 
7 993 7 
8 991 9 
9 990 10 
10 990 10 
11 989 11 
12 990 10 
13 988 12 
14 988 12 
15 986 14 
16 987 13 
17 986 14 
18 986 14 
19 984 16 
20 983 17 
21 981 19 
22 982 18 
23 981 19 
24 980 20 
25 979 21 
26 977 23 
27 975 25 
28 973 27 
29 970 30 
30 971 29 
31 970 30 
32 971 29 
33 969 31 
34 970 30 
35 967 33 
36 968 32 
37 967 33 
38 966 34 
39 965 35 
40 964 36 
41 962 38 
42 962 38 
43 959 41 
44 960 40 
45 958 42 
46 959 41 
47 958 42 
48 959 41 
49 958 42 
50 959 41 
51 958 42 
52 959 41 
53 957 43 
54 957 43 
55 955 45 
56 956 44 
57 955 45 
58 955 45 
59 954 46 
60 955 45 
61 952 48 
62 953 47 
63 951 49 
64 951 49 
65 950 50 
66 951 49 
67 950 50 
68 951 49 
69 948 52 
70 949 51 
71 947 53 
72 948 52 
73 946 54 
74 943 57 
75 938 62 
76 937 63 
77 933 67 
78 934 66 
79 930 70 
80 931 69 
81 926 74 
82 927 73 
83 925 75 
84 926 74 
85 922 78 
86 923 77 
87 919 81 
88 921 79 
89 918 82 
90 917 83 
91 914 86 
92 916 84 
93 914 86 
94 916 84 
95 913 87 
96 915 85 
97 913 87 
98 915 85 
99 913 87 
100 914 86 
101 910 90 
102 911 89 
103 908 92 
104 908 92 
105 906 94 
106 907 93 
107 905 95 
108 906 94 
109 903 97 
110 905 95 
111 902 98 
112 903 97 
113 900 100 
114 902 98 
115 897 103 
116 899 101 
117 896 104 
118 898 102 
119 896 104 
120 897 103 
121 894 106 
122 894 106 
123 891 109 
124 892 108 
125 889 111 
126 889 111 
127 886 114 
128 888 112 
129 884 116 
130 884 116 
131 881 119 
132 881 119 
133 879 121 
134 879 121 
135 877 123 
136 875 125 
137 874 126 
138 874 126 
139 873 127 
140 874 126 
141 868 132 
142 869 131 
143 868 132 
144 867 133 
145 866 134 
146 866 134 
147 864 136 
148 864 136 
149 862 138 
150 862 138 
151 861 139 
152 862 138 
153 859 141 
154 858 142 
155 857 143 
156 856 144 
157 851 149 
158 852 148 
159 850 150 
160 851 149 
161 850 150 
162 850 150 
163 850 150 
164 850 150 
165 850 150 
166 850 150 
167 850 150 
168 848 152 
169 847 153 
170 844 156 
171 844 156 
172 843 157 
173 842 158 
174 839 161 
175 838 162 
176 837 163 
177 837 163 
178 836 164 
179 832 168 
180 831 169 
181 830 170 
182 828 172 
183 828 172 
184 825 175 
185 826 174 
186 824 176 
187 824 176 
188 823 177 
189 824 176 
190 822 178 
191 822 178 
192 819 181 
193 817 183 
194 816 184 
195 816 184 
196 812 188 
197 811 189 
198 810 190 
199 811 189 
200 809 191 
201 808 192 
202 806 194 
203 805 195 
204 804 196 
205 804 196 
206 800 200 
207 801 199 
208 800 200 
209 801 199 
210 801 199 
211 802 198 
212 800 200 
213 801 199 
214 800 200 
215 799 201 
216 798 202 
217 797 203 
218 796 204 
219 794 206 
220 792 208 
221 791 209 
222 791 209 
223 791 209 
224 790 210 
225 790 210 
226 787 213 
227 788 212 
228 788 212 
229 790 210 
230 786 214 
231 787 213 
232 783 217 
233 783 217 
234 782 218 
235 783 217 
236 782 218 
237 784 216 
238 782 218 
239 782 218 
240 781 219 
241 781 219 
242 779 221 
243 779 221 
244 777 223 
245 778 222 
246 777 223 
247 778 222 
248 777 223 
249 776 224 
250 775 225 
251 774 226 
252 772 228 
253 772 228 
254 771 229 
255 772 228 
256 770 230 
257 770 230 
258 769 231 
259 768 232 
260 765 235 
261 765 235 
262 763 237 
263 763 237 
264 760 240 
265 761 239 
266 760 240 
267 761 239 
268 759 241 
269 759 241 
270 758 242 
271 758 242 
272 758 242 
273 758 242 
274 758 242 
275 757 243 
276 756 244 
277 755 245 
278 755 245 
279 755 245 
280 754 246 
281 752 248 
282 752 248 
283 751 249 
284 747 253 
285 746 254 
286 745 255 
287 743 257 
288 743 257 
289 742 258 
290 741 259 
291 739 261 
292 739 261 
293 737 263 
294 738 262 
295 736 264 
296 737 263 
297 735 265 
298 735 265 
299 732 268 
300 732 268 
301 730 270 
302 731 269 
303 729 271 
304 730 270 
305 726 274 
306 727 273 
307 725 275 
308 728 272 
309 726 274 
310 727 273 
311 726 274 
312 728 272 
313 725 275 
314 727 273 
315 723 277 
316 723 277 
317 722 278 
318 725 275 
319 722 278 
320 725 275 
321 722 278 
322 723 277 
323 721 279 
324 724 276 
325 721 279 
326 724 276 
327 721 279 
328 724 276 
329 720 280 
330 721 279 
331 719 281 
332 722 278 
333 720 280 
334 723 277 
335 720 280 
336 723 277 
337 718 282 
338 723 277 
339 717 283 
340 722 278 
341 717 283 
342 720 280 
343 716 284 
344 721 279 
345 715 285 
346 721 279 
347 715 285 
348 721 279 
349 715 285 
350 719 281 
351 713 287 
352 718 282 
353 712 288 
354 717 283 
355 713 287 
356 718 282 
357 712 288 
358 717 283 
359 711 289 
360 716 284 
361 709 291 
362 714 286 
363 708 292 
364 712 288 
365 707 293 
366 710 290 
367 705 295 
368 708 292 
369 702 298 
370 707 293 
371 702 298 
372 705 295 
373 700 300 
374 704 296 
375 699 301 
376 703 297 
377 699 301 
378 704 296 
379 700 300 
380 704 296 
381 697 303 
382 700 300 
383 693 307 
384 697 303 
385 693 307 
386 697 303 
387 693 307 
388 696 304 
389 691 309 
390 695 305 
391 690 310 
392 693 307 
393 687 313 
394 690 310 
395 686 314 
396 690 310 
397 683 317 
398 687 313 
399 682 318 
400 686 314 
401 682 318 
402 687 313 
403 683 317 
404 688 312 
405 685 315 
406 688 312 
407 683 317 
408 687 313 
409 683 317 
410 687 313 
411 682 318 
412 686 314 
413 682 318 
414 685 315 
415 679 321 
416 683 317 
417 680 320 
418 684 316 
419 680 320 
420 681 319 
421 677 323 
422 680 320 
423 677 323 
424 677 323 
425 674 326 
426 676 324 
427 673 327 
428 675 325 
429 672 328 
430 675 325 
431 671 329 
432 673 327 
433 672 328 
434 673 327 
435 672 328 
436 674 326 
437 672 328 
438 674 326 
439 671 329 
440 672 328 
441 670 330 
442 671 329 
443 669 331 
444 672 328 
445 667 333 
446 669 331 
447 667 333 
448 667 333 
449 663 337 
450 665 335 
451 661 339 
452 663 337 
453 662 338 
454 663 337 
455 662 338 
456 663 337 
457 661 339 
458 663 337 
459 662 338 
460 662 338 
461 661 339 
462 662 338 
463 660 340 
464 661 339 
465 659 341 
466 658 342 
467 657 343 
468 656 344 
469 656 344 
470 656 344 
471 656 344 
472 657 343 
473 654 346 
474 654 346 
475 654 346 
476 654 346 
477 655 345 
478 654 346 
479 653 347 
480 653 347 
481 651 349 
482 651 349 
483 652 348 
484 652 348 
485 648 352 
486 647 353 
487 647 353 
488 645 355 
489 646 354 
490 643 357 
491 644 356 
492 644 356 
493 646 354 
494 646 354 
495 647 353 
496 644 356 
497 642 358 
498 641 359 
499 642 358 
500 639 361 
501 640 360 
502 639 361 
503 640 360 
504 638 362 
505 638 362 
506 637 363 
507 640 360 
508 638 362 
509 639 361 
510 637 363 
511 638 362 
512 637 363 
513 637 363 
514 635 365 
515 635 365 
516 633 367 
517 634 366 
518 632 368 
519 631 369 
520 628 372 
521 629 371 
522 628 372 
523 630 370 
524 629 371 
525 628 372 
526 626 374 
527 626 374 
528 626 374 
529 627 373 
530 625 375 
531 626 374 
532 625 375 
533 626 374 
534 624 376 
535 624 376 
536 623 377 
537 624 376 
538 622 378 
539 622 378 
540 621 379 
541 622 378 
542 620 380 
543 621 379 
544 620 380 
545 621 379 
546 620 380 
547 620 380 
548 619 381 
549 620 380 
550 619 381 
551 619 381 
552 617 383 
553 617 383 
554 615 385 
555 615 385 
556 614 386 
557 613 387 
558 612 388 
559 612 388 
560 610 390 
561 611 389 
562 609 391 
563 610 390 
564 609 391 
565 609 391 
566 608 392 
567 609 391 
568 609 391 
569 610 390 
570 609 391 
571 610 390 
572 609 391 
573 610 390 
574 609 391 
575 610 390 
576 609 391 
577 609 391 
578 606 394 
579 607 393 
580 606 394 
581 608 392 
582 607 393 
583 608 392 
584 607 393 
585 609 391 
586 607 393 
587 607 393 
588 606 394 
589 606 394 
590 605 395 
591 606 394 
592 607 393 
593 607 393 
594 607 393 
595 609 391 
596 608 392 
597 608 392 
598 608 392 
599 609 391 
600 609 391 
601 608 392 
602 607 393 
603 605 395 
604 605 395 
605 606 394 
606 604 396 
607 603 397 
608 604 396 
609 604 396 
610 604 396 
611 604 396 
612 603 397 
613 603 397 
614 604 396 
615 603 397 
616 603 397 
617 604 396 
618 605 395 
619 605 395 
620 605 395 
621 604 396 
622 604 396 
623 604 396 
624 604 396 
625 604 396 
626 603 397 
627 601 399 
628 601 399 
629 602 398 
630 602 398 
631 601 399 
632 600 400 
633 601 399 
634 603 397 
635 603 397 
636 601 399 
637 601 399 
638 601 399 
639 601 399 
640 600 400 
641 601 399 
642 601 399 
643 601 399 
644 601 399 
645 601 399 
646 599 401 
647 598 402 
648 599 401 
649 599 401 
650 597 403 
651 598 402 
652 598 402 
653 599 401 
654 599 401 
655 599 401 
656 599 401 
657 598 402 
658 598 402 
659 598 402 
660 598 402 
661 598 402 
662 597 403 
663 597 403 
664 597 403 
665 596 404 
666 595 405 
667 594 406 
668 595 405 
669 592 408 
670 596 404 
671 595 405 
672 595 405 
673 593 407 
674 594 406 
675 593 407 
676 594 406 
677 593 407 
678 594 406 
679 592 408 
680 593 407 
681 592 408 
682 594 406 
683 594 406 
684 594 406 
685 592 408 
686 594 406 
687 594 406 
688 595 405 
689 594 406 
690 595 405 
691 595 405 
692 596 404 
693 595 405 
694 595 405 
695 593 407 
696 596 404 
697 595 405 
698 596 404 
699 595 405 
700 596 404 
701 594 406 
702 596 404 
703 595 405 
704 597 403 
705 597 403 
706 597 403 
707 597 403 
708 599 401 
709 596 404 
710 597 403 
711 595 405 
712 595 405 
713 595 405 
714 596 404 
715 597 403 
716 598 402 
717 597 403 
718 598 402 
719 597 403 
720 597 403 
721 596 404 
722 596 404 
723 595 405 
724 597 403 
725 596 404 
726 599 401 
727 599 401 
728 601 399 
729 598 402 
730 599 401 
731 599 401 
732 599 401 
733 599 401 
734 600 400 
735 600 400 
736 599 401 
737 599 401 
738 599 401 
739 599 401 
740 600 400 
741 600 400 
742 601 399 
743 599 401 
744 600 400 
745 599 401 
746 600 400 
747 600 400 
748 598 402 
749 597 403 
750 598 402 
751 597 403 
752 597 403 
753 596 404 
754 597 403 
755 596 404 
756 596 404 
757 594 406 
758 596 404 
759 595 405 
760 596 404 
761 593 407 
762 595 405 
763 594 406 
764 595 405 
765 594 406 
766 596 404 
767 596 404 
768 597 403 
769 596 404 
770 597 403 
771 598 402 
772 599 401 
773 598 402 
774 599 401 
775 598 402 
776 599 401 
777 598 402 
778 598 402 
779 596 404 
780 598 402 
781 598 402 
782 599 401 
783 600 400 
784 601 399 
785 601 399 
786 602 398 
787 601 399 
788 601 399 
789 600 400 
790 602 398 
791 601 399 
792 603 397 
793 602 398 
794 603 397 
795 602 398 
796 601 399 
797 600 400 
798 600 400 
799 599 401 
800 601 399 
801 599 401 
802 600 400 
803 597 403 
804 599 401 
805 598 402 
806 599 401 
807 597 403 
808 599 401 
809 599 401 
810 599 401 
811 598 402 
812 599 401 
813 598 402 
814 597 403 
815 597 403 
816 596 404 
817 595 405 
818 598 402 
819 598 402 
820 598 402 
821 598 402 
822 598 402 
823 598 402 
824 599 401 
825 599 401 
826 599 401 
827 599 401 
828 599 401 
829 598 402 
830 597 403 
831 597 403 
832 596 404 
833 596 404 
834 597 403 
835 597 403 
836 597 403 
837 597 403 
838 598 402 
839 597 403 
840 597 403 
841 597 403 
842 596 404 
843 596 404 
844 595 405 
845 595 405 
846 595 405 
847 595 405 
848 596 404 
849 594 406 
850 595 405 
851 594 406 
852 594 406 
853 593 407 
854 593 407 
855 593 407 
856 594 406 
857 594 406 
858 594 406 
859 594 406 
860 594 406 
861 594 406 
862 595 405 
863 596 404 
864 595 405 
865 595 405 
866 595 405 
867 596 404 
868 597 403 
869 599 401 
870 599 401 
871 598 402 
872 596 404 
873 596 404 
874 596 404 
875 595 405 
876 594 406 
877 592 408 
878 592 408 
879 592 408 
880 591 409 
881 590 410 
882 592 408 
883 595 405 
884 597 403 
885 597 403 
886 597 403 
887 597 403 
888 599 401 
889 600 400 
890 599 401 
891 599 401 
892 600 400 
893 599 401 
894 600 400 
895 600 400 
896 601 399 
897 603 397 
898 603 397 
899 602 398 
900 603 397 
901 603 397 
902 603 397 
903 602 398 
904 600 400 
905 600 400 
906 600 400 
907 601 399 
908 601 399 
909 600 400 
910 600 400 
911 601 399 
912 601 399 
913 601 399 
914 601 399 
915 601 399 
916 599 401 
917 599 401 
918 597 403 
919 597 403 
920 596 404 
921 595 405 
922 596 404 
923 596 404 
924 596 404 
925 598 402 
926 598 402 
927 599 401 
928 598 402 
929 597 403 
930 596 404 
931 597 403 
932 597 403 
933 597 403 
934 597 403 
935 597 403 
936 596 404 
937 595 405 
938 595 405 
939 594 406 
940 595 405 
941 595 405 
942 595 405 
943 594 406 
944 593 407 
945 590 410 
946 590 410 
947 591 409 
948 591 409 
949 590 410 
950 588 412 
951 587 413 
952 586 414 
953 587 413 
954 589 411 
955 590 410 
956 589 411 
957 590 410 
958 590 410 
959 591 409 
960 591 409 
961 591 409 
962 592 408 
963 592 408 
964 591 409 
965 591 409 
966 592 408 
967 592 408 
968 590 410 
969 592 408 
970 591 409 
971 592 408 
972 592 408 
973 593 407 
974 591 409 
975 592 408 
976 591 409 
977 592 408 
978 591 409 
979 592 408 
980 590 410 
981 591 409 
982 588 412 
983 588 412 
984 588 412 
985 588 412 
986 587 413 
987 587 413 
988 585 415 
989 587 413 
990 586 414 
991 586 414 
992 585 415 
993 586 414 
994 586 414 
995 587 413 
996 585 415 
997 586 414 
998 586 414 
999 587 413 
1000 586 414 
1001 588 412 
1002 587 413 
1003 588 412 
1004 588 412 
1005 591 409 
1006 591 409 
1007 592 408 
1008 591 409 
1009 594 406 
1010 593 407 
1011 594 406 
1012 594 406 
1013 595 405 
1014 592 408 
1015 593 407 
1016 593 407 
1017 592 408 
1018 592 408 
1019 592 408 
1020 591 409 
1021 593 407 
1022 590 410 
1023 591 409 
1024 590 410 
1025 590 410 
1026 589 411 
1027 591 409 
1028 590 410 
1029 591 409 
1030 591 409 
1031 594 406 
1032 592 408 
1033 594 406 
1034 594 406 
1035 595 405 
1036 594 406 
1037 595 405 
1038 594 406 
1039 595 405 
1040 591 409 
1041 593 407 
1042 591 409 
1043 592 408 
1044 591 409 
1045 592 408 
1046 590 410 
1047 591 409 
1048 590 410 
1049 593 407 
1050 591 409 
1051 593 407 
1052 592 408 
1053 596 404 
1054 596 404 
1055 596 404 
1056 595 405 
1057 596 404 
1058 594 406 
1059 595 405 
1060 594 406 
1061 596 404 
1062 595 405 
1063 596 404 
1064 594 406 
1065 597 403 
1066 595 405 
1067 596 404 
1068 595 405 
1069 596 404 
1070 594 406 
1071 594 406 
1072 593 407 
1073 594 406 
1074 594 406 
1075 593 407 
1076 592 408 
1077 594 406 
1078 594 406 
1079 595 405 
1080 594 406 
1081 595 405 
1082 595 405 
1083 596 404 
1084 595 405 
1085 597 403 
1086 596 404 
1087 599 401 
1088 597 403 
1089 597 403 
1090 595 405 
1091 596 404 
1092 594 406 
1093 595 405 
1094 594 406 
1095 595 405 
1096 594 406 
1097 595 405 
1098 594 406 
1099 593 407 
1100 592 408 
1101 593 407 
1102 592 408 
1103 593 407 
1104 594 406 
1105 594 406 
1106 592 408 
1107 592 408 
1108 590 410 
1109 591 409 
1110 590 410 
1111 591 409 
1112 590 410 
1113 592 408 
1114 590 410 
1115 591 409 
1116 590 410 
1117 591 409 
1118 589 411 
1119 590 410 
1120 592 408 
1121 592 408 
1122 593 407 
1123 593 407 
1124 592 408 
1125 591 409 
1126 591 409 
1127 591 409 
1128 592 408 
1129 592 408 
1130 592 408 
1131 593 407 
1132 591 409 
1133 591 409 
1134 591 409 
1135 591 409 
1136 589 411 
1137 588 412 
1138 588 412 
1139 590 410 
1140 590 410 
1141 591 409 
1142 591 409 
1143 591 409 
1144 590 410 
1145 591 409 
1146 590 410 
1147 590 410 
1148 590 410 
1149 589 411 
1150 587 413 
1151 586 414 
1152 586 414 
1153 586 414 
1154 586 414 
1155 585 415 
1156 585 415 
1157 585 415 
1158 587 413 
1159 587 413 
1160 588 412 
1161 585 415 
1162 586 414 
1163 584 416 
1164 584 416 
1165 582 418 
1166 581 419 
1167 580 420 
1168 578 422 
1169 577 423 
1170 578 422 
1171 576 424 
1172 577 423 
1173 576 424 
1174 575 425 
1175 574 426 
1176 575 425 
1177 574 426 
1178 574 426 
1179 573 427 
1180 574 426 
1181 573 427 
1182 574 426 
1183 573 427 
1184 574 426 
1185 572 428 
1186 573 427 
1187 572 428 
1188 573 427 
1189 572 428 
1190 573 427 
1191 572 428 
1192 574 426 
1193 573 427 
1194 574 426 
1195 571 429 
1196 571 429 
1197 570 430 
1198 571 429 
1199 571 429 
1200 571 429 
1201 573 427 
1202 574 426 
1203 572 428 
1204 573 427 
1205 572 428 
1206 574 426 
1207 572 428 
1208 573 427 
1209 572 428 
1210 573 427 
1211 572 428 
1212 574 426 
1213 572 428 
1214 571 429 
1215 568 432 
1216 569 431 
1217 568 432 
1218 568 432 
1219 566 434 
1220 566 434 
1221 563 437 
1222 564 436 
1223 562 438 
1224 566 434 
1225 564 436 
1226 566 434 
1227 563 437 
1228 565 435 
1229 562 438 
1230 565 435 
1231 563 437 
1232 566 434 
1233 562 438 
1234 564 436 
1235 563 437 
1236 567 433 
1237 564 436 
1238 566 434 
1239 564 436 
1240 565 435 
1241 563 437 
1242 566 434 
1243 563 437 
1244 566 434 
1245 563 437 
1246 566 434 
1247 563 437 
1248 565 435 
1249 563 437 
1250 565 435 
1251 562 438 
1252 564 436 
1253 560 440 
1254 563 437 
1255 560 440 
1256 562 438 
1257 560 440 
1258 562 438 
1259 558 442 
1260 561 439 
1261 559 441 
1262 559 441 
1263 556 444 
1264 556 444 
1265 554 446 
1266 557 443 
1267 555 445 
1268 557 443 
1269 555 445 
1270 558 442 
1271 556 444 
1272 558 442 
1273 557 443 
1274 559 441 
1275 558 442 
1276 559 441 
1277 556 444 
1278 558 442 
1279 556 444 
1280 558 442 
1281 556 444 
1282 558 442 
1283 556 444 
1284 559 441 
1285 556 444 
1286 557 443 
1287 555 445 
1288 557 443 
1289 555 445 
1290 557 443 
1291 552 448 
1292 553 447 
1293 553 447 
1294 555 445 
1295 553 447 
1296 555 445 
1297 553 447 
1298 554 446 
1299 553 447 
1300 553 447 
1301 552 448 
1302 553 447 
1303 552 448 
1304 554 446 
1305 553 447 
1306 554 446 
1307 554 446 
1308 553 447 
1309 553 447 
1310 553 447 
1311 554 446 
1312 555 445 
1313 554 446 
1314 554 446 
1315 555 445 
1316 555 445 
1317 555 445 
1318 557 443 
1319 557 443 
1320 557 443 
1321 557 443 
1322 556 444 
1323 555 445 
1324 556 444 
1325 556 444 
1326 556 444 
1327 556 444 
1328 556 444 
1329 556 444 
1330 556 444 
1331 557 443 
1332 557 443 
1333 556 444 
1334 554 446 
1335 554 446 
1336 552 448 
1337 552 448 
1338 551 449 
1339 551 449 
1340 551 449 
1341 550 450 
1342 551 449 
1343 550 450 
1344 550 450 
1345 548 452 
1346 548 452 
1347 550 450 
1348 551 449 
1349 549 451 
1350 547 453 
1351 548 452 
1352 549 451 
1353 549 451 
1354 551 449 
1355 551 449 
1356 551 449 
1357 551 449 
1358 549 451 
1359 549 451 
1360 548 452 
1361 547 453 
1362 548 452 
1363 548 452 
1364 548 452 
1365 546 454 
1366 548 452 
1367 548 452 
