0 10000 0 
1 9989 11 
2 9982 18 
3 9973 27 
4 9964 36 
5 9957 43 
6 9950 50 
7 9939 61 
8 9931 69 
9 9919 81 
10 9915 85 
11 9903 97 
12 9897 103 
13 9884 116 
14 9880 120 
15 9867 133 
16 9857 143 
17 9848 152 
18 9839 161 
19 9827 173 
20 9823 177 
21 9814 186 
22 9806 194 
23 9793 207 
24 9790 210 
25 9776 224 
26 9774 226 
27 9760 240 
28 9753 247 
29 9742 258 
30 9740 260 
31 9721 279 
32 9717 283 
33 9706 294 
34 9696 304 
35 9684 316 
36 9676 324 
37 9665 335 
38 9662 338 
39 9649 351 
40 9641 359 
41 9629 371 
42 9618 382 
43 9601 399 
44 9600 400 
45 9581 419 
46 9580 420 
47 9567 433 
48 9562 438 
49 9547 453 
50 9540 460 
51 9526 474 
52 9521 479 
53 9509 491 
54 9501 499 
55 9486 514 
56 9482 518 
57 9464 536 
58 9453 547 
59 9436 564 
60 9429 571 
61 9416 584 
62 9411 589 
63 9397 603 
64 9394 606 
65 9374 626 
66 9368 632 
67 9348 652 
68 9347 653 
69 9327 673 
70 9317 683 
71 9305 695 
72 9303 697 
73 9286 714 
74 9283 717 
75 9263 737 
76 9258 742 
77 9239 761 
78 9233 767 
79 9220 780 
80 9215 785 
81 9199 801 
82 9194 806 
83 9173 827 
84 9166 834 
85 9150 850 
86 9145 855 
87 9127 873 
88 9114 886 
89 9097 903 
90 9094 906 
91 9081 919 
92 9074 926 
93 9062 938 
94 9058 942 
95 9043 957 
96 9038 962 
97 9023 977 
98 9019 981 
99 8996 1004 
100 8991 1009 
101 8973 1027 
102 8962 1038 
103 8945 1055 
104 8941 1059 
105 8929 1071 
106 8922 1078 
107 8909 1091 
108 8898 1102 
109 8880 1120 
110 8866 1134 
111 8851 1149 
112 8843 1157 
113 8827 1173 
114 8816 1184 
115 8803 1197 
116 8794 1206 
117 8778 1222 
118 8768 1232 
119 8751 1249 
120 8745 1255 
121 8728 1272 
122 8718 1282 
123 8703 1297 
124 8694 1306 
125 8676 1324 
126 8669 1331 
127 8647 1353 
128 8641 1359 
129 8624 1376 
130 8616 1384 
131 8601 1399 
132 8599 1401 
133 8582 1418 
134 8578 1422 
135 8559 1441 
136 8555 1445 
137 8529 1471 
138 8518 1482 
139 8499 1501 
140 8490 1510 
141 8467 1533 
142 8462 1538 
143 8445 1555 
144 8445 1555 
145 8421 1579 
146 8420 1580 
147 8390 1610 
148 8384 1616 
149 8364 1636 
150 8351 1649 
151 8335 1665 
152 8326 1674 
153 8301 1699 
154 8298 1702 
155 8277 1723 
156 8268 1732 
157 8243 1757 
158 8245 1755 
159 8222 1778 
160 8217 1783 
161 8191 1809 
162 8180 1820 
163 8158 1842 
164 8150 1850 
165 8135 1865 
166 8130 1870 
167 8109 1891 
168 8106 1894 
169 8089 1911 
170 8082 1918 
171 8058 1942 
172 8056 1944 
173 8035 1965 
174 8025 1975 
175 8010 1990 
176 8001 1999 
177 7978 2022 
178 7972 2028 
179 7962 2038 
180 7954 2046 
181 7932 2068 
182 7923 2077 
183 7905 2095 
184 7898 2102 
185 7883 2117 
186 7874 2126 
187 7854 2146 
188 7843 2157 
189 7822 2178 
190 7817 2183 
191 7803 2197 
192 7798 2202 
193 7779 2221 
194 7770 2230 
195 7749 2251 
196 7742 2258 
197 7717 2283 
198 7708 2292 
199 7694 2306 
200 7686 2314 
201 7672 2328 
202 7662 2338 
203 7645 2355 
204 7637 2363 
205 7625 2375 
206 7606 2394 
207 7591 2409 
208 7583 2417 
209 7572 2428 
210 7557 2443 
211 7542 2458 
212 7530 2470 
213 7516 2484 
214 7511 2489 
215 7501 2499 
216 7484 2516 
217 7470 2530 
218 7452 2548 
219 7435 2565 
220 7417 2583 
221 7404 2596 
222 7386 2614 
223 7376 2624 
224 7364 2636 
225 7347 2653 
226 7336 2664 
227 7323 2677 
228 7308 2692 
229 7296 2704 
230 7284 2716 
231 7269 2731 
232 7255 2745 
233 7241 2759 
234 7228 2772 
235 7209 2791 
236 7189 2811 
237 7171 2829 
238 7163 2837 
239 7145 2855 
240 7135 2865 
241 7122 2878 
242 7110 2890 
243 7099 2901 
244 7087 2913 
245 7070 2930 
246 7058 2942 
247 7036 2964 
248 7029 2971 
249 7012 2988 
250 6993 3007 
251 6986 3014 
252 6970 3030 
253 6954 3046 
254 6943 3057 
255 6933 3067 
256 6923 3077 
257 6910 3090 
258 6899 3101 
259 6879 3121 
260 6870 3130 
261 6858 3142 
262 6848 3152 
263 6834 3166 
264 6825 3175 
265 6807 3193 
266 6802 3198 
267 6791 3209 
268 6784 3216 
269 6770 3230 
270 6761 3239 
271 6741 3259 
272 6735 3265 
273 6725 3275 
274 6714 3286 
275 6702 3298 
276 6690 3310 
277 6674 3326 
278 6664 3336 
279 6655 3345 
280 6644 3356 
281 6632 3368 
282 6621 3379 
283 6608 3392 
284 6598 3402 
285 6588 3412 
286 6578 3422 
287 6575 3425 
288 6565 3435 
289 6554 3446 
290 6552 3448 
291 6539 3461 
292 6532 3468 
293 6514 3486 
294 6501 3499 
295 6494 3506 
296 6483 3517 
297 6473 3527 
298 6460 3540 
299 6451 3549 
300 6443 3557 
301 6434 3566 
302 6423 3577 
303 6417 3583 
304 6404 3596 
305 6395 3605 
306 6382 3618 
307 6372 3628 
308 6360 3640 
309 6352 3648 
310 6342 3658 
311 6337 3663 
312 6325 3675 
313 6316 3684 
314 6310 3690 
315 6297 3703 
316 6279 3721 
317 6275 3725 
318 6259 3741 
319 6252 3748 
320 6244 3756 
321 6234 3766 
322 6228 3772 
323 6218 3782 
324 6208 3792 
325 6196 3804 
326 6183 3817 
327 6173 3827 
328 6160 3840 
329 6149 3851 
330 6140 3860 
331 6130 3870 
332 6121 3879 
333 6108 3892 
334 6099 3901 
335 6094 3906 
336 6081 3919 
337 6077 3923 
338 6067 3933 
339 6061 3939 
340 6046 3954 
341 6036 3964 
342 6030 3970 
343 6021 3979 
344 6014 3986 
345 6010 3990 
346 5995 4005 
347 5988 4012 
348 5976 4024 
349 5964 4036 
350 5954 4046 
351 5947 4053 
352 5941 4059 
353 5933 4067 
354 5920 4080 
355 5912 4088 
356 5906 4094 
357 5900 4100 
358 5896 4104 
359 5889 4111 
360 5882 4118 
361 5871 4129 
362 5867 4133 
363 5859 4141 
364 5852 4148 
365 5844 4156 
366 5841 4159 
367 5832 4168 
368 5825 4175 
369 5816 4184 
370 5812 4188 
371 5801 4199 
372 5790 4210 
373 5781 4219 
374 5769 4231 
375 5762 4238 
376 5758 4242 
377 5748 4252 
378 5744 4256 
379 5735 4265 
380 5727 4273 
381 5717 4283 
382 5712 4288 
383 5706 4294 
384 5700 4300 
385 5695 4305 
386 5690 4310 
387 5681 4319 
388 5676 4324 
389 5672 4328 
390 5668 4332 
391 5659 4341 
392 5652 4348 
393 5644 4356 
394 5641 4359 
395 5635 4365 
396 5630 4370 
397 5623 4377 
398 5616 4384 
399 5609 4391 
400 5602 4398 
401 5598 4402 
402 5586 4414 
403 5581 4419 
404 5576 4424 
405 5565 4435 
406 5561 4439 
407 5555 4445 
408 5551 4449 
409 5544 4456 
410 5543 4457 
411 5532 4468 
412 5528 4472 
413 5520 4480 
414 5514 4486 
415 5505 4495 
416 5503 4497 
417 5499 4501 
418 5490 4510 
419 5483 4517 
420 5477 4523 
421 5473 4527 
422 5465 4535 
423 5459 4541 
424 5454 4546 
425 5449 4551 
426 5446 4554 
