0 2000 0 
1 1992 8 
2 1990 10 
3 1989 11 
4 1987 13 
5 1986 14 
6 1982 18 
7 1978 22 
8 1974 26 
9 1973 27 
10 1969 31 
11 1968 32 
12 1968 32 
13 1964 36 
14 1962 38 
15 1956 44 
16 1952 48 
17 1946 54 
18 1941 59 
19 1937 63 
20 1935 65 
21 1933 67 
22 1932 68 
23 1926 74 
24 1923 77 
25 1917 83 
26 1914 86 
27 1913 87 
28 1910 90 
29 1905 95 
30 1898 102 
31 1891 109 
32 1888 112 
33 1883 117 
34 1880 120 
35 1878 122 
36 1872 128 
37 1869 131 
38 1865 135 
39 1863 137 
40 1860 140 
41 1856 144 
42 1854 146 
43 1851 149 
44 1848 152 
45 1842 158 
46 1839 161 
47 1837 163 
48 1835 165 
49 1830 170 
50 1819 181 
51 1815 185 
52 1811 189 
53 1808 192 
54 1806 194 
55 1804 196 
56 1800 200 
57 1797 203 
58 1793 207 
59 1787 213 
60 1783 217 
61 1775 225 
62 1774 226 
63 1769 231 
64 1766 234 
65 1760 240 
66 1759 241 
67 1757 243 
68 1754 246 
69 1754 246 
70 1747 253 
71 1740 260 
72 1737 263 
73 1733 267 
74 1729 271 
75 1727 273 
76 1720 280 
77 1717 283 
78 1710 290 
79 1706 294 
80 1704 296 
81 1700 300 
82 1695 305 
83 1694 306 
84 1690 310 
85 1688 312 
86 1687 313 
87 1682 318 
88 1681 319 
89 1678 322 
90 1671 329 
91 1669 331 
92 1666 334 
93 1663 337 
94 1658 342 
95 1651 349 
96 1645 355 
97 1639 361 
98 1630 370 
99 1627 373 
100 1624 376 
101 1619 381 
102 1616 384 
103 1611 389 
104 1605 395 
105 1596 404 
106 1594 406 
107 1591 409 
108 1587 413 
109 1585 415 
110 1583 417 
111 1583 417 
112 1576 424 
113 1571 429 
114 1567 433 
115 1562 438 
116 1559 441 
117 1556 444 
118 1556 444 
119 1555 445 
120 1555 445 
121 1552 448 
122 1548 452 
123 1543 457 
124 1540 460 
125 1537 463 
126 1531 469 
127 1525 475 
128 1518 482 
129 1514 486 
130 1508 492 
131 1502 498 
132 1501 499 
133 1500 500 
134 1497 503 
135 1491 509 
136 1485 515 
137 1482 518 
138 1475 525 
139 1471 529 
140 1465 535 
141 1456 544 
142 1451 549 
143 1448 552 
144 1443 557 
145 1440 560 
146 1435 565 
147 1432 568 
148 1429 571 
149 1425 575 
150 1421 579 
151 1417 583 
152 1413 587 
153 1408 592 
154 1401 599 
155 1395 605 
156 1392 608 
157 1390 610 
158 1384 616 
159 1381 619 
160 1378 622 
161 1376 624 
162 1370 630 
163 1365 635 
164 1356 644 
165 1352 648 
166 1347 653 
167 1344 656 
168 1338 662 
169 1336 664 
170 1329 671 
171 1326 674 
172 1320 680 
173 1318 682 
174 1313 687 
175 1309 691 
176 1302 698 
177 1295 705 
178 1290 710 
179 1286 714 
180 1280 720 
181 1274 726 
182 1267 733 
183 1263 737 
184 1262 738 
185 1258 742 
186 1257 743 
187 1256 744 
188 1249 751 
189 1246 754 
190 1243 757 
191 1239 761 
192 1236 764 
193 1229 771 
194 1227 773 
195 1222 778 
196 1217 783 
197 1215 785 
198 1207 793 
199 1200 800 
200 1197 803 
201 1194 806 
202 1190 810 
203 1183 817 
204 1178 822 
205 1173 827 
206 1169 831 
207 1166 834 
208 1157 843 
209 1155 845 
210 1150 850 
211 1147 853 
212 1146 854 
213 1144 856 
214 1141 859 
215 1135 865 
216 1127 873 
217 1122 878 
218 1119 881 
219 1117 883 
220 1114 886 
221 1112 888 
222 1110 890 
223 1107 893 
224 1099 901 
225 1094 906 
226 1088 912 
227 1091 909 
228 1089 911 
229 1085 915 
230 1084 916 
231 1084 916 
232 1079 921 
233 1080 920 
