0 10000 0 
1 9988 12 
2 9988 12 
3 9978 22 
4 9972 28 
5 9964 36 
6 9956 44 
7 9945 55 
8 9942 58 
9 9938 62 
10 9927 73 
11 9919 81 
12 9914 86 
13 9907 93 
14 9900 100 
15 9891 109 
16 9885 115 
17 9873 127 
18 9864 136 
19 9854 146 
20 9843 157 
21 9836 164 
22 9831 169 
23 9826 174 
24 9816 184 
25 9806 194 
26 9803 197 
27 9793 207 
28 9780 220 
29 9770 230 
30 9756 244 
31 9752 248 
32 9740 260 
33 9728 272 
34 9721 279 
35 9713 287 
36 9698 302 
37 9689 311 
38 9672 328 
39 9666 334 
40 9650 350 
41 9645 355 
42 9630 370 
43 9626 374 
44 9613 387 
45 9605 395 
46 9590 410 
47 9581 419 
48 9562 438 
49 9549 451 
50 9535 465 
51 9523 477 
52 9503 497 
53 9494 506 
54 9484 516 
55 9475 525 
56 9461 539 
57 9456 544 
58 9439 561 
59 9433 567 
60 9424 576 
61 9416 584 
62 9397 603 
63 9385 615 
64 9370 630 
65 9365 635 
66 9349 651 
67 9337 663 
68 9327 673 
69 9317 683 
70 9303 697 
71 9300 700 
72 9287 713 
73 9280 720 
74 9263 737 
75 9258 742 
76 9242 758 
77 9231 769 
78 9214 786 
79 9202 798 
80 9183 817 
81 9170 830 
82 9155 845 
83 9148 852 
84 9136 864 
85 9127 873 
86 9116 884 
87 9112 888 
88 9092 908 
89 9083 917 
90 9069 931 
91 9060 940 
92 9041 959 
93 9031 969 
94 9016 984 
95 9005 995 
96 8990 1010 
97 8983 1017 
98 8974 1026 
99 8962 1038 
100 8944 1056 
101 8937 1063 
102 8926 1074 
103 8919 1081 
104 8909 1091 
105 8897 1103 
106 8882 1118 
107 8874 1126 
108 8857 1143 
109 8841 1159 
110 8829 1171 
111 8824 1176 
112 8812 1188 
113 8803 1197 
114 8784 1216 
115 8778 1222 
116 8765 1235 
117 8751 1249 
118 8730 1270 
119 8717 1283 
120 8704 1296 
121 8694 1306 
122 8677 1323 
123 8666 1334 
124 8652 1348 
125 8640 1360 
126 8623 1377 
127 8615 1385 
128 8599 1401 
129 8589 1411 
130 8576 1424 
131 8565 1435 
132 8548 1452 
133 8538 1462 
134 8522 1478 
135 8519 1481 
136 8503 1497 
137 8497 1503 
138 8479 1521 
139 8460 1540 
140 8452 1548 
141 8446 1554 
142 8428 1572 
143 8422 1578 
144 8400 1600 
145 8384 1616 
146 8363 1637 
147 8350 1650 
148 8336 1664 
149 8330 1670 
150 8309 1691 
151 8300 1700 
152 8280 1720 
153 8274 1726 
154 8256 1744 
155 8253 1747 
156 8236 1764 
157 8223 1777 
158 8200 1800 
159 8184 1816 
160 8175 1825 
161 8159 1841 
162 8147 1853 
163 8128 1872 
164 8110 1890 
165 8103 1897 
166 8086 1914 
167 8079 1921 
168 8064 1936 
169 8054 1946 
170 8034 1966 
171 8028 1972 
172 8013 1987 
173 7999 2001 
174 7974 2026 
175 7961 2039 
176 7947 2053 
177 7936 2064 
178 7922 2078 
179 7911 2089 
180 7898 2102 
181 7879 2121 
182 7866 2134 
183 7847 2153 
184 7833 2167 
185 7818 2182 
186 7803 2197 
187 7785 2215 
188 7773 2227 
189 7756 2244 
190 7743 2257 
191 7724 2276 
192 7709 2291 
193 7693 2307 
194 7681 2319 
195 7675 2325 
196 7661 2339 
197 7644 2356 
198 7634 2366 
199 7618 2382 
200 7604 2396 
201 7587 2413 
202 7577 2423 
203 7567 2433 
204 7551 2449 
205 7542 2458 
206 7525 2475 
207 7510 2490 
208 7492 2508 
209 7483 2517 
210 7477 2523 
211 7464 2536 
212 7450 2550 
213 7438 2562 
214 7423 2577 
215 7414 2586 
216 7396 2604 
217 7380 2620 
218 7360 2640 
219 7348 2652 
220 7335 2665 
221 7326 2674 
222 7307 2693 
223 7295 2705 
224 7281 2719 
225 7268 2732 
226 7248 2752 
227 7240 2760 
228 7222 2778 
229 7218 2782 
230 7202 2798 
231 7199 2801 
232 7176 2824 
233 7166 2834 
234 7149 2851 
235 7138 2862 
236 7119 2881 
237 7108 2892 
238 7093 2907 
239 7090 2910 
240 7067 2933 
241 7055 2945 
242 7040 2960 
243 7033 2967 
244 7012 2988 
245 7001 2999 
246 6988 3012 
247 6981 3019 
248 6964 3036 
249 6956 3044 
250 6938 3062 
251 6928 3072 
252 6910 3090 
253 6907 3093 
254 6885 3115 
255 6880 3120 
256 6864 3136 
257 6861 3139 
258 6842 3158 
259 6832 3168 
260 6813 3187 
261 6801 3199 
262 6780 3220 
263 6776 3224 
264 6763 3237 
265 6758 3242 
266 6742 3258 
267 6741 3259 
268 6730 3270 
269 6727 3273 
270 6713 3287 
271 6712 3288 
272 6691 3309 
273 6683 3317 
274 6670 3330 
275 6661 3339 
276 6642 3358 
277 6639 3361 
278 6624 3376 
279 6624 3376 
280 6601 3399 
281 6598 3402 
282 6587 3413 
283 6581 3419 
284 6564 3436 
285 6558 3442 
286 6544 3456 
287 6536 3464 
288 6516 3484 
289 6512 3488 
290 6494 3506 
291 6491 3509 
292 6477 3523 
293 6467 3533 
294 6449 3551 
295 6439 3561 
296 6423 3577 
297 6421 3579 
298 6404 3596 
299 6403 3597 
300 6393 3607 
301 6393 3607 
302 6381 3619 
303 6376 3624 
304 6364 3636 
305 6355 3645 
306 6339 3661 
307 6336 3664 
308 6321 3679 
309 6318 3682 
310 6310 3690 
311 6309 3691 
312 6293 3707 
313 6289 3711 
314 6269 3731 
315 6264 3736 
316 6249 3751 
317 6244 3756 
318 6228 3772 
319 6225 3775 
320 6210 3790 
321 6204 3796 
322 6189 3811 
323 6184 3816 
324 6174 3826 
325 6169 3831 
326 6152 3848 
327 6144 3856 
328 6131 3869 
329 6126 3874 
330 6111 3889 
331 6111 3889 
332 6093 3907 
333 6091 3909 
334 6066 3934 
335 6067 3933 
336 6054 3946 
337 6052 3948 
338 6037 3963 
339 6034 3966 
340 6020 3980 
341 6019 3981 
342 6005 3995 
343 6006 3994 
344 5994 4006 
345 5990 4010 
346 5977 4023 
347 5974 4026 
348 5959 4041 
349 5957 4043 
350 5945 4055 
351 5945 4055 
352 5930 4070 
353 5924 4076 
354 5909 4091 
355 5909 4091 
356 5899 4101 
357 5890 4110 
358 5879 4121 
359 5875 4125 
360 5859 4141 
361 5855 4145 
362 5839 4161 
363 5833 4167 
364 5816 4184 
365 5813 4187 
366 5800 4200 
367 5800 4200 
368 5789 4211 
369 5785 4215 
370 5775 4225 
371 5769 4231 
372 5757 4243 
373 5757 4243 
374 5746 4254 
375 5741 4259 
376 5734 4266 
377 5729 4271 
378 5716 4284 
379 5713 4287 
380 5700 4300 
381 5696 4304 
382 5684 4316 
383 5678 4322 
384 5661 4339 
385 5655 4345 
386 5644 4356 
387 5635 4365 
388 5632 4368 
389 5623 4377 
390 5614 4386 
391 5611 4389 
392 5608 4392 
393 5600 4400 
394 5597 4403 
395 5593 4407 
396 5587 4413 
397 5581 4419 
398 5575 4425 
399 5568 4432 
400 5564 4436 
401 5555 4445 
402 5555 4445 
403 5545 4455 
404 5545 4455 
405 5538 4462 
406 5532 4468 
407 5523 4477 
408 5517 4483 
409 5509 4491 
410 5505 4495 
411 5496 4504 
412 5493 4507 
413 5488 4512 
414 5486 4514 
415 5479 4521 
416 5472 4528 
417 5465 4535 
418 5467 4533 
419 5462 4538 
420 5464 4536 
