0 3000 0 
1 2994 6 
2 2996 4 
3 2993 7 
4 2991 9 
5 2989 11 
6 2984 16 
7 2984 16 
8 2981 19 
9 2978 22 
10 2972 28 
11 2971 29 
12 2968 32 
13 2967 33 
14 2962 38 
15 2961 39 
16 2957 43 
17 2952 48 
18 2951 49 
19 2949 51 
20 2943 57 
21 2942 58 
22 2941 59 
23 2940 60 
24 2939 61 
25 2937 63 
26 2933 67 
27 2930 70 
28 2927 73 
29 2922 78 
30 2920 80 
31 2913 87 
32 2906 94 
33 2905 95 
34 2899 101 
35 2897 103 
36 2894 106 
37 2891 109 
38 2890 110 
39 2887 113 
40 2882 118 
41 2880 120 
42 2877 123 
43 2878 122 
44 2872 128 
45 2872 128 
46 2865 135 
47 2861 139 
48 2856 144 
49 2858 142 
50 2856 144 
51 2857 143 
52 2851 149 
53 2851 149 
54 2849 151 
55 2848 152 
56 2842 158 
57 2839 161 
58 2834 166 
59 2834 166 
60 2830 170 
61 2831 169 
62 2826 174 
63 2822 178 
64 2817 183 
65 2816 184 
66 2811 189 
67 2810 190 
68 2806 194 
69 2803 197 
70 2797 203 
71 2798 202 
72 2792 208 
73 2792 208 
74 2789 211 
75 2790 210 
76 2782 218 
77 2782 218 
78 2775 225 
79 2772 228 
80 2766 234 
81 2767 233 
82 2764 236 
83 2765 235 
84 2761 239 
85 2758 242 
86 2757 243 
87 2755 245 
88 2753 247 
89 2750 250 
90 2744 256 
91 2743 257 
92 2740 260 
93 2733 267 
94 2729 271 
95 2727 273 
96 2718 282 
97 2715 285 
98 2713 287 
99 2710 290 
100 2709 291 
101 2708 292 
102 2705 295 
103 2704 296 
104 2700 300 
105 2697 303 
106 2692 308 
107 2690 310 
108 2687 313 
109 2685 315 
110 2681 319 
111 2676 324 
112 2670 330 
113 2667 333 
114 2663 337 
115 2659 341 
116 2653 347 
117 2651 349 
118 2644 356 
119 2639 361 
120 2634 366 
121 2632 368 
122 2630 370 
123 2628 372 
124 2622 378 
125 2622 378 
126 2619 381 
127 2614 386 
128 2608 392 
129 2604 396 
130 2601 399 
131 2598 402 
132 2592 408 
133 2590 410 
134 2582 418 
135 2580 420 
136 2579 421 
137 2575 425 
138 2570 430 
139 2568 432 
140 2563 437 
141 2562 438 
142 2555 445 
143 2554 446 
144 2548 452 
145 2546 454 
146 2541 459 
147 2543 457 
148 2538 462 
149 2537 463 
150 2528 472 
151 2526 474 
152 2523 477 
153 2522 478 
154 2517 483 
155 2513 487 
156 2509 491 
157 2507 493 
158 2504 496 
159 2502 498 
160 2497 503 
161 2495 505 
162 2492 508 
163 2487 513 
164 2482 518 
165 2477 523 
166 2474 526 
167 2472 528 
168 2468 532 
169 2465 535 
170 2458 542 
171 2457 543 
172 2452 548 
173 2451 549 
174 2450 550 
175 2448 552 
176 2446 554 
177 2440 560 
178 2436 564 
179 2434 566 
180 2427 573 
181 2419 581 
182 2416 584 
183 2414 586 
184 2411 589 
185 2408 592 
186 2401 599 
187 2399 601 
188 2391 609 
189 2388 612 
190 2383 617 
191 2376 624 
192 2374 626 
193 2366 634 
194 2360 640 
195 2358 642 
196 2355 645 
197 2352 648 
198 2349 651 
199 2341 659 
200 2338 662 
201 2335 665 
202 2335 665 
203 2330 670 
204 2324 676 
205 2318 682 
206 2317 683 
207 2313 687 
208 2314 686 
209 2310 690 
210 2308 692 
211 2301 699 
212 2300 700 
213 2294 706 
214 2285 715 
215 2283 717 
216 2280 720 
217 2275 725 
218 2273 727 
219 2270 730 
220 2267 733 
221 2265 735 
222 2261 739 
223 2259 741 
224 2255 745 
225 2248 752 
226 2241 759 
227 2235 765 
228 2231 769 
229 2225 775 
230 2219 781 
231 2213 787 
232 2208 792 
233 2208 792 
234 2205 795 
235 2200 800 
236 2196 804 
237 2197 803 
238 2195 805 
239 2192 808 
240 2190 810 
241 2187 813 
242 2182 818 
243 2179 821 
244 2169 831 
245 2167 833 
246 2163 837 
247 2160 840 
248 2154 846 
249 2150 850 
250 2147 853 
251 2145 855 
252 2140 860 
253 2139 861 
254 2135 865 
255 2132 868 
256 2129 871 
257 2128 872 
258 2121 879 
259 2121 879 
260 2119 881 
261 2118 882 
262 2115 885 
263 2112 888 
264 2107 893 
265 2106 894 
266 2101 899 
267 2101 899 
268 2095 905 
269 2095 905 
270 2091 909 
271 2085 915 
272 2081 919 
273 2081 919 
274 2077 923 
275 2075 925 
276 2069 931 
277 2068 932 
278 2063 937 
279 2060 940 
280 2055 945 
281 2052 948 
282 2046 954 
283 2044 956 
284 2042 958 
285 2036 964 
286 2031 969 
287 2031 969 
288 2023 977 
289 2021 979 
290 2016 984 
291 2015 985 
292 2013 987 
293 2012 988 
294 2007 993 
295 2005 995 
296 2002 998 
297 2000 1000 
298 1996 1004 
299 1996 1004 
300 1993 1007 
301 1992 1008 
302 1990 1010 
303 1989 1011 
304 1987 1013 
305 1985 1015 
306 1979 1021 
307 1977 1023 
308 1971 1029 
309 1967 1033 
310 1963 1037 
311 1959 1041 
312 1955 1045 
313 1953 1047 
314 1949 1051 
315 1948 1052 
316 1945 1055 
317 1944 1056 
318 1942 1058 
319 1940 1060 
320 1937 1063 
321 1935 1065 
322 1929 1071 
323 1928 1072 
324 1923 1077 
325 1923 1077 
326 1918 1082 
327 1918 1082 
328 1912 1088 
329 1913 1087 
330 1907 1093 
331 1906 1094 
332 1902 1098 
333 1903 1097 
334 1898 1102 
335 1898 1102 
336 1894 1106 
337 1894 1106 
338 1891 1109 
339 1891 1109 
340 1887 1113 
341 1887 1113 
342 1881 1119 
343 1882 1118 
344 1878 1122 
345 1876 1124 
346 1869 1131 
347 1870 1130 
348 1865 1135 
349 1863 1137 
350 1860 1140 
351 1859 1141 
352 1853 1147 
353 1852 1148 
354 1848 1152 
355 1848 1152 
356 1841 1159 
357 1843 1157 
358 1837 1163 
359 1839 1161 
360 1830 1170 
361 1831 1169 
362 1822 1178 
363 1823 1177 
364 1818 1182 
365 1818 1182 
366 1810 1190 
367 1809 1191 
368 1804 1196 
369 1806 1194 
370 1800 1200 
371 1799 1201 
372 1796 1204 
373 1795 1205 
374 1792 1208 
375 1793 1207 
376 1790 1210 
377 1789 1211 
378 1787 1213 
379 1786 1214 
380 1782 1218 
381 1781 1219 
382 1778 1222 
383 1777 1223 
384 1775 1225 
385 1775 1225 
386 1773 1227 
387 1774 1226 
388 1769 1231 
389 1770 1230 
390 1765 1235 
391 1762 1238 
392 1759 1241 
393 1759 1241 
394 1755 1245 
395 1753 1247 
396 1751 1249 
397 1749 1251 
398 1745 1255 
399 1745 1255 
400 1742 1258 
401 1739 1261 
402 1733 1267 
403 1732 1268 
404 1726 1274 
405 1722 1278 
406 1719 1281 
407 1715 1285 
408 1712 1288 
409 1710 1290 
410 1705 1295 
411 1706 1294 
412 1704 1296 
413 1704 1296 
414 1701 1299 
415 1702 1298 
416 1696 1304 
417 1696 1304 
418 1694 1306 
419 1692 1308 
420 1689 1311 
421 1689 1311 
422 1688 1312 
423 1688 1312 
424 1684 1316 
425 1684 1316 
426 1680 1320 
427 1682 1318 
428 1680 1320 
429 1681 1319 
430 1680 1320 
431 1679 1321 
432 1676 1324 
433 1673 1327 
434 1669 1331 
435 1669 1331 
436 1663 1337 
437 1664 1336 
438 1661 1339 
439 1662 1338 
440 1660 1340 
441 1658 1342 
442 1655 1345 
443 1654 1346 
444 1651 1349 
445 1652 1348 
446 1649 1351 
447 1648 1352 
448 1646 1354 
449 1648 1352 
450 1646 1354 
451 1644 1356 
452 1642 1358 
453 1641 1359 
454 1639 1361 
455 1637 1363 
