0 2000 0 
1 1991 9 
2 1985 15 
3 1979 21 
4 1970 30 
5 1967 33 
6 1959 41 
7 1956 44 
8 1952 48 
9 1950 50 
10 1939 61 
11 1935 65 
12 1930 70 
13 1926 74 
14 1923 77 
15 1917 83 
16 1913 87 
17 1906 94 
18 1901 99 
19 1900 100 
20 1893 107 
21 1890 110 
22 1882 118 
23 1873 127 
24 1864 136 
25 1861 139 
26 1857 143 
27 1851 149 
28 1845 155 
29 1839 161 
30 1835 165 
31 1834 166 
32 1831 169 
33 1827 173 
34 1818 182 
35 1817 183 
36 1811 189 
37 1808 192 
38 1803 197 
39 1801 199 
40 1795 205 
41 1790 210 
42 1781 219 
43 1774 226 
44 1764 236 
45 1761 239 
46 1754 246 
47 1755 245 
48 1743 257 
49 1739 261 
50 1729 271 
51 1727 273 
52 1718 282 
53 1715 285 
54 1709 291 
55 1701 299 
56 1694 306 
57 1693 307 
58 1686 314 
59 1685 315 
60 1680 320 
61 1678 322 
62 1672 328 
63 1668 332 
64 1661 339 
65 1659 341 
66 1654 346 
67 1653 347 
68 1649 351 
69 1643 357 
70 1635 365 
71 1635 365 
72 1630 370 
73 1628 372 
74 1625 375 
75 1623 377 
76 1617 383 
77 1614 386 
78 1603 397 
79 1597 403 
80 1593 407 
81 1590 410 
82 1577 423 
83 1572 428 
84 1565 435 
85 1557 443 
86 1552 448 
87 1547 453 
88 1543 457 
89 1539 461 
90 1536 464 
91 1532 468 
92 1524 476 
93 1518 482 
94 1517 483 
95 1511 489 
96 1504 496 
97 1494 506 
98 1487 513 
99 1484 516 
100 1476 524 
101 1472 528 
102 1467 533 
103 1462 538 
104 1453 547 
105 1448 552 
106 1440 560 
107 1430 570 
108 1423 577 
109 1419 581 
110 1416 584 
111 1411 589 
112 1399 601 
113 1393 607 
114 1388 612 
115 1379 621 
116 1371 629 
117 1363 637 
118 1361 639 
119 1354 646 
120 1349 651 
121 1341 659 
122 1335 665 
123 1327 673 
124 1324 676 
125 1317 683 
126 1312 688 
127 1303 697 
128 1302 698 
129 1297 703 
130 1292 708 
131 1291 709 
132 1286 714 
133 1284 716 
134 1279 721 
135 1276 724 
136 1270 730 
137 1265 735 
138 1256 744 
139 1247 753 
140 1241 759 
141 1232 768 
142 1230 770 
143 1224 776 
144 1218 782 
145 1210 790 
146 1209 791 
147 1205 795 
148 1199 801 
149 1197 803 
150 1193 807 
151 1190 810 
152 1184 816 
153 1180 820 
154 1175 825 
155 1173 827 
156 1173 827 
157 1166 834 
158 1164 836 
159 1156 844 
160 1151 849 
161 1145 855 
162 1140 860 
163 1138 862 
164 1130 870 
165 1127 873 
166 1123 877 
167 1118 882 
168 1116 884 
169 1114 886 
170 1106 894 
171 1098 902 
172 1093 907 
173 1088 912 
174 1085 915 
175 1080 920 
176 1074 926 
177 1070 930 
178 1065 935 
179 1049 951 
180 1044 956 
