0 2000 0 
1 1993 7 
2 1990 10 
3 1987 13 
4 1978 22 
5 1975 25 
6 1974 26 
7 1974 26 
8 1972 28 
9 1970 30 
10 1962 38 
11 1958 42 
12 1957 43 
13 1956 44 
14 1953 47 
15 1952 48 
16 1950 50 
17 1944 56 
18 1940 60 
19 1938 62 
20 1935 65 
21 1932 68 
22 1930 70 
23 1928 72 
24 1925 75 
25 1922 78 
26 1915 85 
27 1912 88 
28 1910 90 
29 1907 93 
30 1904 96 
31 1904 96 
32 1900 100 
33 1897 103 
34 1890 110 
35 1884 116 
36 1879 121 
37 1876 124 
38 1873 127 
39 1870 130 
40 1867 133 
41 1865 135 
42 1861 139 
43 1858 142 
44 1855 145 
45 1851 149 
46 1851 149 
47 1846 154 
48 1844 156 
49 1840 160 
50 1838 162 
51 1836 164 
52 1833 167 
53 1828 172 
54 1823 177 
55 1818 182 
56 1816 184 
57 1815 185 
58 1809 191 
59 1805 195 
60 1803 197 
61 1796 204 
62 1790 210 
63 1784 216 
64 1779 221 
65 1773 227 
66 1767 233 
67 1765 235 
68 1759 241 
69 1755 245 
70 1751 249 
71 1749 251 
72 1747 253 
73 1745 255 
74 1741 259 
75 1737 263 
76 1735 265 
77 1731 269 
78 1727 273 
79 1719 281 
80 1717 283 
81 1712 288 
82 1710 290 
83 1705 295 
84 1703 297 
85 1698 302 
86 1695 305 
87 1689 311 
88 1683 317 
89 1680 320 
90 1678 322 
91 1677 323 
92 1673 327 
93 1671 329 
94 1667 333 
95 1661 339 
96 1659 341 
97 1653 347 
98 1648 352 
99 1645 355 
100 1641 359 
101 1639 361 
102 1637 363 
103 1634 366 
104 1632 368 
105 1625 375 
106 1619 381 
107 1616 384 
108 1610 390 
109 1606 394 
110 1600 400 
111 1596 404 
112 1594 406 
113 1590 410 
114 1585 415 
115 1584 416 
116 1577 423 
117 1571 429 
118 1565 435 
119 1562 438 
120 1559 441 
121 1553 447 
122 1549 451 
123 1547 453 
124 1542 458 
125 1535 465 
126 1529 471 
127 1526 474 
128 1523 477 
129 1519 481 
130 1516 484 
131 1512 488 
132 1511 489 
133 1505 495 
134 1502 498 
135 1497 503 
136 1490 510 
137 1486 514 
138 1482 518 
139 1478 522 
140 1475 525 
141 1472 528 
142 1469 531 
143 1463 537 
144 1457 543 
145 1454 546 
146 1451 549 
147 1449 551 
148 1443 557 
149 1439 561 
150 1436 564 
151 1433 567 
152 1428 572 
153 1425 575 
154 1421 579 
155 1417 583 
156 1413 587 
157 1410 590 
158 1407 593 
159 1398 602 
160 1395 605 
161 1392 608 
162 1388 612 
163 1386 614 
164 1383 617 
165 1381 619 
166 1377 623 
167 1375 625 
168 1370 630 
169 1366 634 
170 1362 638 
171 1356 644 
172 1351 649 
173 1347 653 
174 1342 658 
175 1339 661 
176 1334 666 
177 1330 670 
178 1328 672 
179 1319 681 
180 1312 688 
181 1305 695 
182 1300 700 
183 1297 703 
184 1294 706 
185 1289 711 
186 1287 713 
187 1286 714 
188 1283 717 
189 1278 722 
190 1275 725 
191 1271 729 
192 1267 733 
193 1261 739 
194 1253 747 
195 1250 750 
196 1247 753 
197 1242 758 
198 1236 764 
199 1233 767 
200 1233 767 
201 1228 772 
202 1223 777 
203 1220 780 
204 1212 788 
205 1210 790 
206 1206 794 
207 1199 801 
208 1192 808 
209 1188 812 
210 1183 817 
211 1182 818 
212 1178 822 
213 1174 826 
214 1170 830 
215 1164 836 
216 1157 843 
217 1156 844 
218 1154 846 
219 1152 848 
220 1144 856 
221 1138 862 
222 1132 868 
223 1131 869 
224 1128 872 
225 1125 875 
226 1122 878 
227 1119 881 
228 1116 884 
229 1112 888 
230 1111 889 
231 1110 890 
232 1105 895 
233 1103 897 
234 1101 899 
235 1101 899 
236 1097 903 
237 1095 905 
238 1084 916 
239 1080 920 
240 1079 921 
241 1073 927 
242 1070 930 
243 1065 935 
244 1064 936 
245 1061 939 
