0 2000 0 
1 1990 10 
2 1985 15 
3 1977 23 
4 1967 33 
5 1959 41 
6 1952 48 
7 1944 56 
8 1937 63 
9 1931 69 
10 1922 78 
11 1915 85 
12 1910 90 
13 1905 95 
14 1897 103 
15 1889 111 
16 1885 115 
17 1875 125 
18 1868 132 
19 1862 138 
20 1856 144 
21 1843 157 
22 1838 162 
23 1835 165 
24 1826 174 
25 1822 178 
26 1816 184 
27 1810 190 
28 1802 198 
29 1793 207 
30 1785 215 
31 1777 223 
32 1768 232 
33 1760 240 
34 1750 250 
35 1746 254 
36 1738 262 
37 1729 271 
38 1724 276 
39 1713 287 
40 1710 290 
41 1705 295 
42 1699 301 
43 1695 305 
44 1689 311 
45 1684 316 
46 1677 323 
47 1674 326 
48 1665 335 
49 1657 343 
50 1649 351 
51 1644 356 
52 1641 359 
53 1635 365 
54 1627 373 
55 1618 382 
56 1610 390 
57 1602 398 
58 1596 404 
59 1588 412 
60 1579 421 
61 1573 427 
62 1560 440 
63 1549 451 
64 1543 457 
65 1536 464 
66 1532 468 
67 1529 471 
68 1521 479 
69 1511 489 
70 1508 492 
71 1504 496 
72 1498 502 
73 1492 508 
74 1486 514 
75 1479 521 
76 1469 531 
77 1464 536 
78 1460 540 
79 1454 546 
80 1446 554 
81 1440 560 
82 1437 563 
83 1432 568 
84 1426 574 
85 1419 581 
86 1411 589 
87 1404 596 
88 1397 603 
89 1389 611 
90 1381 619 
91 1377 623 
92 1371 629 
93 1364 636 
94 1355 645 
95 1342 658 
96 1337 663 
97 1326 674 
98 1321 679 
99 1316 684 
100 1306 694 
101 1296 704 
102 1293 707 
103 1282 718 
104 1278 722 
105 1271 729 
106 1265 735 
107 1257 743 
108 1251 749 
109 1239 761 
110 1236 764 
111 1228 772 
112 1224 776 
113 1217 783 
114 1210 790 
115 1203 797 
116 1195 805 
117 1189 811 
118 1185 815 
119 1176 824 
120 1168 832 
121 1160 840 
122 1156 844 
123 1152 848 
124 1144 856 
125 1138 862 
126 1130 870 
127 1127 873 
128 1121 879 
129 1110 890 
130 1105 895 
131 1100 900 
132 1091 909 
133 1086 914 
134 1081 919 
135 1072 928 
136 1065 935 
137 1060 940 
138 1053 947 
139 1046 954 
140 1043 957 
141 1036 964 
