0 2000 0 
1 1996 4 
2 1997 3 
3 1995 5 
4 1994 6 
5 1992 8 
6 1992 8 
7 1991 9 
8 1991 9 
9 1991 9 
10 1985 15 
11 1982 18 
12 1980 20 
13 1977 23 
14 1976 24 
15 1974 26 
16 1973 27 
17 1973 27 
18 1971 29 
19 1970 30 
20 1968 32 
21 1967 33 
22 1966 34 
23 1964 36 
24 1963 37 
25 1960 40 
26 1959 41 
27 1954 46 
28 1951 49 
29 1949 51 
30 1948 52 
31 1946 54 
32 1943 57 
33 1940 60 
34 1940 60 
35 1940 60 
36 1939 61 
37 1939 61 
38 1938 62 
39 1937 63 
40 1933 67 
41 1929 71 
42 1928 72 
43 1927 73 
44 1922 78 
45 1918 82 
46 1918 82 
47 1915 85 
48 1913 87 
49 1912 88 
50 1908 92 
51 1907 93 
52 1905 95 
53 1906 94 
54 1901 99 
55 1897 103 
56 1893 107 
57 1892 108 
58 1890 110 
59 1889 111 
60 1887 113 
61 1888 112 
62 1882 118 
63 1883 117 
64 1879 121 
65 1880 120 
66 1876 124 
67 1875 125 
68 1873 127 
69 1874 126 
70 1871 129 
71 1871 129 
72 1865 135 
73 1865 135 
74 1862 138 
75 1863 137 
76 1857 143 
77 1856 144 
78 1852 148 
79 1851 149 
80 1846 154 
81 1846 154 
82 1842 158 
83 1842 158 
84 1837 163 
85 1837 163 
86 1832 168 
87 1834 166 
88 1829 171 
89 1829 171 
90 1824 176 
91 1822 178 
92 1819 181 
93 1820 180 
94 1817 183 
95 1816 184 
96 1810 190 
97 1812 188 
98 1809 191 
99 1809 191 
100 1805 195 
101 1803 197 
102 1799 201 
103 1798 202 
104 1794 206 
105 1791 209 
106 1788 212 
107 1789 211 
108 1784 216 
109 1785 215 
110 1781 219 
111 1781 219 
112 1780 220 
113 1780 220 
114 1777 223 
115 1775 225 
116 1771 229 
117 1768 232 
118 1763 237 
119 1763 237 
120 1760 240 
121 1761 239 
122 1759 241 
123 1760 240 
124 1759 241 
125 1759 241 
126 1753 247 
127 1754 246 
128 1751 249 
129 1751 249 
130 1747 253 
131 1747 253 
132 1742 258 
133 1739 261 
134 1737 263 
135 1738 262 
136 1735 265 
137 1734 266 
138 1732 268 
139 1730 270 
140 1729 271 
141 1725 275 
142 1722 278 
143 1721 279 
144 1720 280 
145 1717 283 
146 1716 284 
147 1714 286 
148 1713 287 
149 1710 290 
150 1707 293 
151 1702 298 
152 1700 300 
153 1697 303 
154 1695 305 
155 1693 307 
156 1692 308 
157 1688 312 
158 1688 312 
159 1687 313 
160 1687 313 
161 1686 314 
162 1682 318 
163 1680 320 
164 1676 324 
165 1674 326 
166 1672 328 
167 1668 332 
168 1667 333 
169 1665 335 
170 1660 340 
171 1657 343 
172 1655 345 
173 1652 348 
174 1648 352 
175 1648 352 
176 1645 355 
177 1644 356 
178 1640 360 
179 1641 359 
180 1639 361 
181 1640 360 
182 1639 361 
183 1638 362 
184 1634 366 
185 1634 366 
186 1629 371 
187 1629 371 
188 1624 376 
189 1622 378 
190 1619 381 
191 1619 381 
192 1615 385 
193 1616 384 
194 1609 391 
195 1610 390 
196 1606 394 
197 1607 393 
198 1600 400 
199 1600 400 
200 1597 403 
201 1592 408 
202 1589 411 
203 1590 410 
204 1584 416 
205 1584 416 
206 1577 423 
207 1575 425 
208 1572 428 
209 1572 428 
210 1564 436 
211 1566 434 
212 1563 437 
213 1562 438 
214 1557 443 
215 1557 443 
216 1550 450 
217 1547 453 
218 1545 455 
219 1542 458 
220 1539 461 
221 1538 462 
222 1534 466 
223 1535 465 
224 1531 469 
225 1530 470 
226 1526 474 
227 1524 476 
228 1520 480 
229 1522 478 
230 1513 487 
231 1511 489 
232 1507 493 
233 1507 493 
234 1502 498 
235 1501 499 
236 1497 503 
237 1496 504 
238 1491 509 
239 1493 507 
240 1490 510 
241 1488 512 
242 1485 515 
243 1486 514 
244 1484 516 
245 1482 518 
246 1476 524 
247 1475 525 
248 1472 528 
249 1471 529 
250 1469 531 
251 1470 530 
252 1463 537 
253 1462 538 
254 1458 542 
255 1457 543 
256 1448 552 
257 1447 553 
258 1442 558 
259 1444 556 
260 1439 561 
261 1441 559 
262 1436 564 
263 1439 561 
264 1435 565 
265 1434 566 
266 1431 569 
267 1430 570 
268 1427 573 
269 1426 574 
270 1425 575 
271 1426 574 
272 1423 577 
273 1422 578 
274 1421 579 
275 1418 582 
276 1417 583 
277 1416 584 
278 1412 588 
279 1411 589 
280 1406 594 
281 1403 597 
282 1402 598 
283 1402 598 
284 1399 601 
285 1399 601 
286 1397 603 
287 1394 606 
288 1391 609 
289 1388 612 
290 1387 613 
291 1388 612 
292 1386 614 
293 1384 616 
294 1382 618 
295 1376 624 
296 1373 627 
297 1370 630 
298 1368 632 
299 1364 636 
300 1365 635 
301 1361 639 
302 1362 638 
303 1362 638 
304 1359 641 
305 1359 641 
306 1358 642 
307 1357 643 
308 1355 645 
309 1353 647 
310 1350 650 
311 1344 656 
312 1340 660 
313 1338 662 
314 1335 665 
315 1332 668 
316 1330 670 
317 1327 673 
318 1323 677 
319 1318 682 
320 1319 681 
321 1317 683 
322 1319 681 
323 1318 682 
324 1317 683 
325 1313 687 
326 1314 686 
327 1311 689 
328 1309 691 
329 1307 693 
330 1307 693 
331 1305 695 
332 1303 697 
333 1302 698 
334 1303 697 
335 1301 699 
336 1300 700 
337 1295 705 
338 1293 707 
339 1289 711 
340 1291 709 
341 1288 712 
342 1289 711 
343 1288 712 
344 1290 710 
345 1285 715 
346 1285 715 
347 1280 720 
348 1283 717 
349 1274 726 
350 1276 724 
351 1273 727 
352 1275 725 
353 1270 730 
354 1270 730 
355 1265 735 
356 1268 732 
357 1262 738 
358 1262 738 
359 1256 744 
360 1258 742 
361 1254 746 
362 1259 741 
363 1255 745 
364 1257 743 
365 1251 749 
366 1256 744 
367 1251 749 
368 1251 749 
369 1245 755 
370 1248 752 
371 1242 758 
372 1242 758 
373 1235 765 
374 1236 764 
375 1229 771 
376 1231 769 
377 1222 778 
378 1224 776 
379 1218 782 
380 1221 779 
381 1215 785 
382 1220 780 
383 1212 788 
384 1216 784 
385 1211 789 
386 1213 787 
387 1208 792 
388 1212 788 
389 1206 794 
390 1207 793 
391 1201 799 
392 1206 794 
393 1202 798 
394 1204 796 
395 1198 802 
396 1201 799 
397 1196 804 
398 1199 801 
399 1192 808 
400 1195 805 
401 1191 809 
402 1193 807 
403 1189 811 
404 1194 806 
405 1187 813 
406 1191 809 
407 1184 816 
408 1187 813 
409 1180 820 
410 1184 816 
411 1178 822 
412 1176 824 
413 1171 829 
414 1175 825 
415 1169 831 
416 1170 830 
417 1165 835 
418 1166 834 
419 1163 837 
420 1160 840 
421 1158 842 
422 1158 842 
423 1155 845 
424 1156 844 
425 1150 850 
426 1151 849 
427 1149 851 
428 1150 850 
429 1146 854 
430 1146 854 
431 1145 855 
432 1146 854 
433 1143 857 
434 1144 856 
435 1141 859 
436 1139 861 
437 1137 863 
438 1136 864 
439 1137 863 
440 1136 864 
441 1133 867 
442 1133 867 
443 1131 869 
444 1128 872 
445 1126 874 
446 1123 877 
447 1123 877 
448 1123 877 
449 1122 878 
450 1121 879 
451 1121 879 
452 1119 881 
453 1120 880 
454 1117 883 
455 1116 884 
456 1116 884 
457 1117 883 
458 1117 883 
459 1114 886 
460 1112 888 
461 1112 888 
462 1111 889 
463 1109 891 
464 1107 893 
465 1107 893 
466 1105 895 
467 1104 896 
468 1104 896 
469 1105 895 
470 1103 897 
471 1102 898 
472 1099 901 
473 1101 899 
474 1099 901 
475 1098 902 
476 1098 902 
477 1099 901 
478 1098 902 
479 1099 901 
480 1097 903 
481 1096 904 
482 1096 904 
483 1095 905 
