0 2000 0 
1 1996 4 
2 1994 6 
3 1989 11 
4 1990 10 
5 1986 14 
6 1982 18 
7 1976 24 
8 1977 23 
9 1974 26 
10 1970 30 
11 1969 31 
12 1965 35 
13 1960 40 
14 1957 43 
15 1954 46 
16 1951 49 
17 1950 50 
18 1946 54 
19 1942 58 
20 1940 60 
21 1940 60 
22 1938 62 
23 1938 62 
24 1934 66 
25 1932 68 
26 1926 74 
27 1927 73 
28 1923 77 
29 1922 78 
30 1919 81 
31 1918 82 
32 1912 88 
33 1910 90 
34 1907 93 
35 1906 94 
36 1902 98 
37 1900 100 
38 1894 106 
39 1896 104 
40 1890 110 
41 1892 108 
42 1888 112 
43 1889 111 
44 1883 117 
45 1882 118 
46 1877 123 
47 1880 120 
48 1874 126 
49 1873 127 
50 1866 134 
51 1865 135 
52 1859 141 
53 1857 143 
54 1853 147 
55 1855 145 
56 1851 149 
57 1851 149 
58 1846 154 
59 1847 153 
60 1842 158 
61 1843 157 
62 1838 162 
63 1838 162 
64 1833 167 
65 1835 165 
66 1826 174 
67 1825 175 
68 1819 181 
69 1818 182 
70 1810 190 
71 1811 189 
72 1806 194 
73 1806 194 
74 1800 200 
75 1801 199 
76 1797 203 
77 1797 203 
78 1793 207 
79 1790 210 
80 1784 216 
81 1784 216 
82 1779 221 
83 1779 221 
84 1775 225 
85 1778 222 
86 1770 230 
87 1771 229 
88 1767 233 
89 1767 233 
90 1763 237 
91 1762 238 
92 1757 243 
93 1759 241 
94 1752 248 
95 1753 247 
96 1748 252 
97 1748 252 
98 1744 256 
99 1747 253 
100 1738 262 
101 1738 262 
102 1734 266 
103 1733 267 
104 1727 273 
105 1726 274 
106 1718 282 
107 1717 283 
108 1713 287 
109 1716 284 
110 1710 290 
111 1712 288 
112 1704 296 
113 1706 294 
114 1699 301 
115 1696 304 
116 1692 308 
117 1692 308 
118 1684 316 
119 1682 318 
120 1675 325 
121 1675 325 
122 1669 331 
123 1671 329 
124 1664 336 
125 1664 336 
126 1656 344 
127 1657 343 
128 1650 350 
129 1651 349 
130 1644 356 
131 1645 355 
132 1638 362 
133 1638 362 
134 1628 372 
135 1625 375 
136 1615 385 
137 1619 381 
138 1615 385 
139 1614 386 
140 1607 393 
141 1608 392 
142 1602 398 
143 1603 397 
144 1596 404 
145 1597 403 
146 1587 413 
147 1590 410 
148 1581 419 
149 1581 419 
150 1576 424 
151 1576 424 
152 1574 426 
153 1574 426 
154 1570 430 
155 1568 432 
156 1562 438 
157 1560 440 
158 1554 446 
159 1549 451 
160 1546 454 
161 1545 455 
162 1536 464 
163 1533 467 
164 1529 471 
165 1526 474 
166 1524 476 
167 1521 479 
168 1519 481 
169 1515 485 
170 1513 487 
171 1510 490 
172 1506 494 
173 1501 499 
174 1498 502 
175 1495 505 
176 1490 510 
177 1485 515 
178 1485 515 
179 1483 517 
180 1478 522 
181 1475 525 
182 1473 527 
183 1467 533 
184 1464 536 
185 1457 543 
186 1454 546 
187 1451 549 
188 1449 551 
189 1440 560 
190 1437 563 
191 1431 569 
192 1428 572 
193 1422 578 
194 1419 581 
195 1417 583 
196 1414 586 
197 1408 592 
198 1407 593 
199 1399 601 
200 1397 603 
201 1392 608 
202 1391 609 
203 1388 612 
204 1388 612 
205 1385 615 
206 1383 617 
207 1378 622 
208 1375 625 
209 1369 631 
210 1370 630 
211 1364 636 
212 1364 636 
213 1359 641 
214 1357 643 
215 1354 646 
216 1352 648 
217 1345 655 
218 1341 659 
219 1335 665 
220 1333 667 
221 1330 670 
222 1326 674 
223 1317 683 
224 1311 689 
225 1307 693 
226 1306 694 
227 1301 699 
228 1298 702 
229 1293 707 
230 1290 710 
231 1288 712 
232 1285 715 
233 1275 725 
234 1271 729 
235 1269 731 
236 1262 738 
237 1259 741 
238 1256 744 
239 1250 750 
240 1248 752 
241 1242 758 
242 1242 758 
243 1236 764 
244 1236 764 
245 1230 770 
246 1231 769 
247 1229 771 
248 1227 773 
249 1223 777 
250 1220 780 
251 1212 788 
252 1212 788 
253 1207 793 
254 1208 792 
255 1206 794 
256 1205 795 
257 1200 800 
258 1199 801 
259 1194 806 
260 1194 806 
261 1190 810 
262 1191 809 
263 1186 814 
264 1187 813 
265 1184 816 
266 1184 816 
267 1181 819 
268 1178 822 
269 1176 824 
270 1175 825 
271 1173 827 
272 1170 830 
273 1165 835 
274 1163 837 
275 1157 843 
276 1158 842 
277 1151 849 
278 1153 847 
279 1151 849 
280 1149 851 
281 1142 858 
282 1140 860 
283 1136 864 
284 1133 867 
285 1130 870 
286 1128 872 
287 1126 874 
288 1126 874 
289 1121 879 
290 1120 880 
291 1118 882 
292 1116 884 
293 1116 884 
294 1111 889 
295 1108 892 
296 1108 892 
297 1108 892 
298 1106 894 
299 1103 897 
300 1103 897 
301 1101 899 
302 1098 902 
303 1094 906 
304 1093 907 
305 1092 908 
306 1092 908 
307 1090 910 
308 1085 915 
309 1084 916 
310 1082 918 
311 1081 919 
