0 2000 0 
1 1994 6 
2 1994 6 
3 1991 9 
4 1988 12 
5 1984 16 
6 1979 21 
7 1977 23 
8 1975 25 
9 1973 27 
10 1971 29 
11 1968 32 
12 1966 34 
13 1962 38 
14 1958 42 
15 1953 47 
16 1948 52 
17 1945 55 
18 1943 57 
19 1939 61 
20 1936 64 
21 1931 69 
22 1926 74 
23 1925 75 
24 1923 77 
25 1918 82 
26 1917 83 
27 1914 86 
28 1910 90 
29 1907 93 
30 1906 94 
31 1904 96 
32 1900 100 
33 1898 102 
34 1895 105 
35 1890 110 
36 1883 117 
37 1881 119 
38 1877 123 
39 1873 127 
40 1870 130 
41 1865 135 
42 1862 138 
43 1860 140 
44 1859 141 
45 1855 145 
46 1852 148 
47 1846 154 
48 1841 159 
49 1838 162 
50 1833 167 
51 1830 170 
52 1830 170 
53 1827 173 
54 1823 177 
55 1820 180 
56 1814 186 
57 1811 189 
58 1807 193 
59 1806 194 
60 1800 200 
61 1797 203 
62 1796 204 
63 1789 211 
64 1785 215 
65 1780 220 
66 1779 221 
67 1778 222 
68 1774 226 
69 1773 227 
70 1770 230 
71 1765 235 
72 1760 240 
73 1757 243 
74 1753 247 
75 1749 251 
76 1744 256 
77 1740 260 
78 1739 261 
79 1735 265 
80 1732 268 
81 1725 275 
82 1723 277 
83 1719 281 
84 1713 287 
85 1707 293 
86 1703 297 
87 1701 299 
88 1697 303 
89 1694 306 
90 1690 310 
91 1686 314 
92 1682 318 
93 1679 321 
94 1674 326 
95 1672 328 
96 1671 329 
97 1665 335 
98 1662 338 
99 1658 342 
100 1650 350 
101 1645 355 
102 1643 357 
103 1638 362 
104 1635 365 
105 1631 369 
106 1627 373 
107 1623 377 
108 1621 379 
109 1616 384 
110 1612 388 
111 1609 391 
112 1608 392 
113 1606 394 
114 1601 399 
115 1594 406 
116 1591 409 
117 1587 413 
118 1578 422 
119 1574 426 
120 1573 427 
121 1568 432 
122 1563 437 
123 1559 441 
124 1555 445 
125 1552 448 
126 1544 456 
127 1542 458 
128 1539 461 
129 1535 465 
130 1528 472 
131 1526 474 
132 1524 476 
133 1521 479 
134 1513 487 
135 1507 493 
136 1499 501 
137 1496 504 
138 1495 505 
139 1491 509 
140 1489 511 
141 1485 515 
142 1483 517 
143 1480 520 
144 1478 522 
145 1474 526 
146 1467 533 
147 1461 539 
148 1455 545 
149 1453 547 
150 1448 552 
151 1444 556 
152 1438 562 
153 1435 565 
154 1430 570 
155 1424 576 
156 1417 583 
157 1412 588 
158 1408 592 
159 1407 593 
160 1404 596 
161 1396 604 
162 1389 611 
163 1388 612 
164 1384 616 
165 1381 619 
166 1380 620 
167 1376 624 
168 1371 629 
169 1368 632 
170 1367 633 
171 1362 638 
172 1359 641 
173 1353 647 
174 1349 651 
175 1346 654 
176 1338 662 
177 1334 666 
178 1330 670 
179 1326 674 
180 1320 680 
181 1318 682 
182 1313 687 
183 1305 695 
184 1303 697 
185 1300 700 
186 1296 704 
187 1294 706 
188 1289 711 
189 1284 716 
190 1277 723 
191 1273 727 
192 1268 732 
193 1264 736 
194 1261 739 
195 1255 745 
196 1252 748 
197 1249 751 
198 1246 754 
199 1244 756 
200 1234 766 
201 1230 770 
202 1225 775 
203 1224 776 
204 1220 780 
205 1213 787 
206 1211 789 
207 1205 795 
208 1202 798 
209 1200 800 
210 1191 809 
211 1187 813 
212 1180 820 
213 1176 824 
214 1174 826 
215 1170 830 
216 1163 837 
217 1162 838 
218 1159 841 
219 1153 847 
220 1151 849 
221 1146 854 
222 1140 860 
223 1137 863 
224 1132 868 
225 1131 869 
226 1126 874 
227 1123 877 
228 1120 880 
229 1116 884 
230 1114 886 
231 1108 892 
232 1104 896 
233 1101 899 
234 1096 904 
235 1092 908 
236 1091 909 
237 1089 911 
238 1084 916 
239 1081 919 
240 1077 923 
241 1075 925 
242 1072 928 
243 1067 933 
