0 10000 0 
1 9986 14 
2 9983 17 
3 9973 27 
4 9965 35 
5 9956 44 
6 9949 51 
7 9944 56 
8 9937 63 
9 9927 73 
10 9920 80 
11 9907 93 
12 9897 103 
13 9886 114 
14 9875 125 
15 9865 135 
16 9858 142 
17 9845 155 
18 9841 159 
19 9825 175 
20 9821 179 
21 9807 193 
22 9795 205 
23 9785 215 
24 9779 221 
25 9770 230 
26 9766 234 
27 9759 241 
28 9754 246 
29 9743 257 
30 9739 261 
31 9733 267 
32 9727 273 
33 9718 282 
34 9706 294 
35 9700 300 
36 9691 309 
37 9677 323 
38 9670 330 
39 9657 343 
40 9649 351 
41 9632 368 
42 9621 379 
43 9608 392 
44 9601 399 
45 9593 407 
46 9583 417 
47 9571 429 
48 9568 432 
49 9556 444 
50 9551 449 
51 9534 466 
52 9531 469 
53 9518 482 
54 9514 486 
55 9503 497 
56 9489 511 
57 9473 527 
58 9461 539 
59 9449 551 
60 9441 559 
61 9430 570 
62 9426 574 
63 9413 587 
64 9401 599 
65 9386 614 
66 9380 620 
67 9366 634 
68 9360 640 
69 9348 652 
70 9338 662 
71 9323 677 
72 9312 688 
73 9302 698 
74 9291 709 
75 9278 722 
76 9264 736 
77 9250 750 
78 9243 757 
79 9230 770 
80 9216 784 
81 9203 797 
82 9198 802 
83 9187 813 
84 9178 822 
85 9166 834 
86 9147 853 
87 9129 871 
88 9114 886 
89 9100 900 
90 9088 912 
91 9077 923 
92 9065 935 
93 9052 948 
94 9038 962 
95 9030 970 
96 9019 981 
97 9007 993 
98 8991 1009 
99 8982 1018 
100 8969 1031 
101 8964 1036 
102 8950 1050 
103 8940 1060 
104 8926 1074 
105 8914 1086 
106 8896 1104 
107 8889 1111 
108 8875 1125 
109 8860 1140 
110 8844 1156 
111 8834 1166 
112 8821 1179 
113 8811 1189 
114 8798 1202 
115 8794 1206 
116 8779 1221 
117 8773 1227 
118 8758 1242 
119 8753 1247 
120 8737 1263 
121 8729 1271 
122 8711 1289 
123 8702 1298 
124 8683 1317 
125 8672 1328 
126 8657 1343 
127 8651 1349 
128 8636 1364 
129 8628 1372 
130 8615 1385 
131 8599 1401 
132 8586 1414 
133 8571 1429 
134 8556 1444 
135 8549 1451 
136 8533 1467 
137 8520 1480 
138 8505 1495 
139 8491 1509 
140 8476 1524 
141 8463 1537 
142 8448 1552 
143 8433 1567 
144 8420 1580 
145 8409 1591 
146 8397 1603 
147 8391 1609 
148 8379 1621 
149 8368 1632 
150 8350 1650 
151 8339 1661 
152 8322 1678 
153 8316 1684 
154 8296 1704 
155 8284 1716 
156 8268 1732 
157 8258 1742 
158 8233 1767 
159 8221 1779 
160 8202 1798 
161 8198 1802 
162 8185 1815 
163 8176 1824 
164 8157 1843 
165 8153 1847 
166 8134 1866 
167 8131 1869 
168 8106 1894 
169 8091 1909 
170 8070 1930 
171 8065 1935 
172 8039 1961 
173 8035 1965 
174 8016 1984 
175 8008 1992 
176 7992 2008 
177 7988 2012 
178 7973 2027 
179 7962 2038 
180 7942 2058 
181 7934 2066 
182 7919 2081 
183 7915 2085 
184 7891 2109 
185 7885 2115 
186 7865 2135 
187 7854 2146 
188 7836 2164 
189 7828 2172 
190 7808 2192 
191 7804 2196 
192 7780 2220 
193 7772 2228 
194 7748 2252 
195 7738 2262 
196 7719 2281 
197 7714 2286 
198 7688 2312 
199 7678 2322 
200 7658 2342 
201 7654 2346 
202 7623 2377 
203 7616 2384 
204 7590 2410 
205 7587 2413 
206 7563 2437 
207 7560 2440 
208 7534 2466 
209 7527 2473 
210 7506 2494 
211 7501 2499 
212 7485 2515 
213 7478 2522 
214 7454 2546 
215 7454 2546 
216 7431 2569 
217 7431 2569 
218 7406 2594 
219 7401 2599 
220 7384 2616 
221 7385 2615 
222 7359 2641 
223 7360 2640 
224 7331 2669 
225 7329 2671 
226 7307 2693 
227 7302 2698 
228 7280 2720 
229 7276 2724 
230 7254 2746 
231 7249 2751 
232 7229 2771 
233 7225 2775 
234 7200 2800 
235 7196 2804 
236 7174 2826 
237 7170 2830 
238 7148 2852 
239 7148 2852 
240 7128 2872 
241 7125 2875 
242 7104 2896 
243 7100 2900 
244 7082 2918 
245 7076 2924 
246 7063 2937 
247 7057 2943 
248 7037 2963 
249 7030 2970 
250 7010 2990 
251 7006 2994 
252 6980 3020 
253 6972 3028 
254 6952 3048 
255 6941 3059 
256 6923 3077 
257 6920 3080 
258 6900 3100 
259 6889 3111 
260 6872 3128 
261 6866 3134 
262 6856 3144 
263 6850 3150 
264 6832 3168 
265 6827 3173 
266 6805 3195 
267 6796 3204 
268 6782 3218 
269 6778 3222 
270 6768 3232 
271 6755 3245 
272 6735 3265 
273 6723 3277 
274 6709 3291 
275 6700 3300 
276 6687 3313 
277 6680 3320 
278 6667 3333 
279 6655 3345 
280 6641 3359 
281 6637 3363 
282 6627 3373 
283 6620 3380 
284 6612 3388 
285 6604 3396 
286 6591 3409 
287 6582 3418 
288 6568 3432 
289 6560 3440 
290 6543 3457 
291 6538 3462 
292 6525 3475 
293 6524 3476 
294 6509 3491 
295 6490 3510 
296 6475 3525 
297 6474 3526 
298 6458 3542 
299 6447 3553 
300 6432 3568 
301 6416 3584 
302 6404 3596 
303 6393 3607 
304 6381 3619 
305 6371 3629 
306 6357 3643 
307 6348 3652 
308 6336 3664 
309 6325 3675 
310 6314 3686 
311 6303 3697 
312 6293 3707 
313 6282 3718 
314 6265 3735 
315 6260 3740 
316 6252 3748 
317 6239 3761 
318 6227 3773 
319 6217 3783 
320 6202 3798 
321 6197 3803 
322 6186 3814 
323 6181 3819 
324 6169 3831 
325 6159 3841 
326 6140 3860 
327 6140 3860 
328 6128 3872 
329 6116 3884 
330 6106 3894 
331 6090 3910 
332 6077 3923 
333 6071 3929 
334 6062 3938 
335 6054 3946 
336 6046 3954 
337 6035 3965 
338 6030 3970 
339 6019 3981 
340 6013 3987 
341 6004 3996 
342 5999 4001 
343 5984 4016 
344 5975 4025 
345 5958 4042 
346 5957 4043 
347 5944 4056 
348 5940 4060 
349 5926 4074 
350 5926 4074 
351 5914 4086 
352 5908 4092 
353 5894 4106 
354 5892 4108 
355 5880 4120 
356 5872 4128 
357 5859 4141 
358 5858 4142 
359 5850 4150 
360 5845 4155 
361 5833 4167 
362 5832 4168 
363 5813 4187 
364 5808 4192 
365 5796 4204 
366 5796 4204 
367 5783 4217 
368 5779 4221 
369 5766 4234 
370 5765 4235 
371 5755 4245 
372 5752 4248 
373 5741 4259 
374 5740 4260 
375 5727 4273 
376 5724 4276 
377 5707 4293 
378 5702 4298 
379 5691 4309 
380 5692 4308 
381 5677 4323 
382 5671 4329 
383 5661 4339 
384 5660 4340 
385 5647 4353 
386 5645 4355 
387 5633 4367 
388 5633 4367 
389 5620 4380 
390 5623 4377 
391 5609 4391 
392 5606 4394 
393 5592 4408 
394 5597 4403 
395 5587 4413 
396 5588 4412 
397 5574 4426 
398 5571 4429 
399 5557 4443 
400 5554 4446 
401 5543 4457 
402 5543 4457 
403 5533 4467 
404 5534 4466 
405 5522 4478 
406 5520 4480 
407 5510 4490 
408 5500 4500 
409 5484 4516 
410 5484 4516 
411 5479 4521 
412 5477 4523 
413 5468 4532 
414 5463 4537 
415 5458 4542 
416 5454 4546 
417 5445 4555 
418 5445 4555 
