0 5000 0 
1 4987 13 
2 4987 13 
3 4984 16 
4 4975 25 
5 4975 25 
6 4971 29 
7 4969 31 
8 4964 36 
9 4960 40 
10 4956 44 
11 4951 49 
12 4949 51 
13 4945 55 
14 4939 61 
15 4935 65 
16 4933 67 
17 4930 70 
18 4929 71 
19 4925 75 
20 4923 77 
21 4917 83 
22 4914 86 
23 4907 93 
24 4904 96 
25 4900 100 
26 4896 104 
27 4889 111 
28 4884 116 
29 4878 122 
30 4875 125 
31 4869 131 
32 4865 135 
33 4862 138 
34 4860 140 
35 4854 146 
36 4851 149 
37 4845 155 
38 4842 158 
39 4840 160 
40 4835 165 
41 4830 170 
42 4828 172 
43 4823 177 
44 4818 182 
45 4815 185 
46 4814 186 
47 4809 191 
48 4804 196 
49 4796 204 
50 4792 208 
51 4786 214 
52 4785 215 
53 4780 220 
54 4778 222 
55 4770 230 
56 4765 235 
57 4755 245 
58 4754 246 
59 4751 249 
60 4747 253 
61 4743 257 
62 4738 262 
63 4732 268 
64 4724 276 
65 4722 278 
66 4718 282 
67 4710 290 
68 4703 297 
69 4696 304 
70 4691 309 
71 4689 311 
72 4685 315 
73 4678 322 
74 4672 328 
75 4669 331 
76 4664 336 
77 4659 341 
78 4651 349 
79 4648 352 
80 4635 365 
81 4630 370 
82 4626 374 
83 4620 380 
84 4615 385 
85 4605 395 
86 4601 399 
87 4594 406 
88 4584 416 
89 4577 423 
90 4570 430 
91 4565 435 
92 4556 444 
93 4547 453 
94 4543 457 
95 4540 460 
96 4533 467 
97 4529 471 
98 4521 479 
99 4512 488 
100 4503 497 
101 4497 503 
102 4490 510 
103 4490 510 
104 4485 515 
105 4480 520 
106 4473 527 
107 4469 531 
108 4458 542 
109 4454 546 
110 4446 554 
111 4440 560 
112 4431 569 
113 4427 573 
114 4419 581 
115 4413 587 
116 4408 592 
117 4403 597 
118 4397 603 
119 4390 610 
120 4387 613 
121 4383 617 
122 4377 623 
123 4370 630 
124 4364 636 
125 4361 639 
126 4353 647 
127 4346 654 
128 4340 660 
129 4332 668 
130 4320 680 
131 4309 691 
132 4301 699 
133 4296 704 
134 4289 711 
135 4284 716 
136 4281 719 
137 4272 728 
138 4265 735 
139 4260 740 
140 4254 746 
141 4245 755 
142 4241 759 
143 4231 769 
144 4227 773 
145 4219 781 
146 4214 786 
147 4208 792 
148 4200 800 
149 4196 804 
150 4193 807 
151 4188 812 
152 4179 821 
153 4172 828 
154 4162 838 
155 4154 846 
156 4149 851 
157 4143 857 
158 4137 863 
159 4126 874 
160 4117 883 
161 4117 883 
162 4109 891 
163 4101 899 
164 4088 912 
165 4083 917 
166 4073 927 
167 4069 931 
168 4063 937 
169 4060 940 
170 4057 943 
171 4054 946 
172 4039 961 
173 4036 964 
174 4025 975 
175 4020 980 
176 4010 990 
177 4006 994 
178 3997 1003 
179 3990 1010 
180 3985 1015 
181 3981 1019 
182 3973 1027 
183 3968 1032 
184 3962 1038 
185 3957 1043 
186 3953 1047 
187 3947 1053 
188 3937 1063 
189 3935 1065 
190 3924 1076 
191 3919 1081 
192 3910 1090 
193 3908 1092 
194 3900 1100 
195 3893 1107 
196 3885 1115 
197 3880 1120 
198 3874 1126 
199 3870 1130 
200 3856 1144 
201 3855 1145 
202 3843 1157 
203 3843 1157 
204 3832 1168 
205 3823 1177 
206 3811 1189 
207 3807 1193 
208 3796 1204 
209 3793 1207 
210 3786 1214 
211 3781 1219 
212 3770 1230 
213 3762 1238 
214 3746 1254 
215 3741 1259 
216 3736 1264 
217 3732 1268 
218 3722 1278 
219 3717 1283 
220 3708 1292 
221 3702 1298 
222 3692 1308 
223 3685 1315 
224 3681 1319 
225 3678 1322 
226 3669 1331 
227 3663 1337 
228 3659 1341 
229 3653 1347 
230 3645 1355 
231 3641 1359 
232 3635 1365 
233 3623 1377 
234 3620 1380 
235 3617 1383 
236 3611 1389 
237 3604 1396 
238 3596 1404 
239 3592 1408 
240 3586 1414 
241 3583 1417 
242 3580 1420 
243 3570 1430 
244 3560 1440 
245 3554 1446 
246 3551 1449 
247 3545 1455 
248 3542 1458 
249 3538 1462 
250 3531 1469 
251 3527 1473 
252 3520 1480 
253 3516 1484 
254 3515 1485 
255 3510 1490 
256 3506 1494 
257 3499 1501 
258 3498 1502 
259 3492 1508 
260 3487 1513 
261 3478 1522 
262 3474 1526 
263 3469 1531 
264 3464 1536 
265 3459 1541 
266 3455 1545 
267 3452 1548 
268 3447 1553 
269 3444 1556 
270 3439 1561 
271 3427 1573 
272 3421 1579 
273 3419 1581 
274 3407 1593 
275 3402 1598 
276 3394 1606 
277 3393 1607 
278 3386 1614 
279 3379 1621 
280 3374 1626 
281 3372 1628 
282 3368 1632 
283 3363 1637 
284 3355 1645 
285 3349 1651 
286 3341 1659 
287 3339 1661 
288 3334 1666 
289 3329 1671 
290 3321 1679 
291 3315 1685 
292 3309 1691 
293 3310 1690 
294 3302 1698 
295 3299 1701 
296 3293 1707 
297 3289 1711 
298 3283 1717 
299 3285 1715 
300 3276 1724 
301 3276 1724 
302 3267 1733 
303 3264 1736 
304 3260 1740 
305 3254 1746 
306 3243 1757 
307 3237 1763 
308 3229 1771 
309 3223 1777 
310 3218 1782 
311 3213 1787 
312 3209 1791 
313 3204 1796 
314 3202 1798 
315 3196 1804 
316 3191 1809 
317 3186 1814 
318 3186 1814 
319 3180 1820 
320 3176 1824 
321 3168 1832 
322 3168 1832 
323 3164 1836 
324 3163 1837 
325 3155 1845 
326 3153 1847 
327 3148 1852 
328 3143 1857 
329 3137 1863 
330 3130 1870 
331 3122 1878 
332 3116 1884 
333 3112 1888 
334 3109 1891 
335 3105 1895 
336 3098 1902 
337 3096 1904 
338 3093 1907 
339 3090 1910 
340 3085 1915 
341 3084 1916 
342 3081 1919 
343 3076 1924 
344 3070 1930 
345 3062 1938 
346 3059 1941 
347 3053 1947 
348 3050 1950 
349 3045 1955 
350 3038 1962 
351 3035 1965 
352 3032 1968 
353 3023 1977 
354 3023 1977 
355 3017 1983 
356 3010 1990 
357 3006 1994 
358 3005 1995 
359 2995 2005 
360 2992 2008 
361 2988 2012 
362 2983 2017 
363 2978 2022 
364 2977 2023 
365 2971 2029 
366 2969 2031 
367 2965 2035 
368 2963 2037 
369 2959 2041 
370 2954 2046 
371 2948 2052 
372 2948 2052 
373 2940 2060 
374 2941 2059 
375 2931 2069 
376 2932 2068 
377 2927 2073 
378 2926 2074 
379 2922 2078 
380 2923 2077 
381 2917 2083 
382 2916 2084 
383 2911 2089 
384 2908 2092 
385 2903 2097 
386 2903 2097 
387 2900 2100 
388 2899 2101 
389 2892 2108 
390 2890 2110 
391 2886 2114 
392 2883 2117 
393 2871 2129 
394 2873 2127 
395 2870 2130 
396 2869 2131 
397 2860 2140 
398 2856 2144 
399 2853 2147 
400 2851 2149 
401 2849 2151 
402 2846 2154 
403 2841 2159 
404 2841 2159 
405 2838 2162 
406 2838 2162 
407 2827 2173 
408 2829 2171 
409 2818 2182 
410 2817 2183 
411 2813 2187 
412 2811 2189 
413 2806 2194 
414 2808 2192 
415 2804 2196 
416 2800 2200 
417 2798 2202 
418 2798 2202 
419 2789 2211 
420 2789 2211 
421 2784 2216 
422 2782 2218 
423 2774 2226 
424 2776 2224 
425 2771 2229 
426 2775 2225 
427 2766 2234 
428 2766 2234 
429 2757 2243 
430 2758 2242 
431 2749 2251 
432 2751 2249 
433 2742 2258 
434 2742 2258 
435 2730 2270 
436 2734 2266 
437 2726 2274 
438 2725 2275 
439 2716 2284 
440 2718 2282 
441 2705 2295 
442 2707 2293 
