0 2000 0 
1 1991 9 
2 1991 9 
3 1987 13 
4 1979 21 
5 1970 30 
6 1966 34 
7 1965 35 
8 1955 45 
9 1953 47 
10 1944 56 
11 1931 69 
12 1925 75 
13 1916 84 
14 1908 92 
15 1901 99 
16 1897 103 
17 1886 114 
18 1876 124 
19 1868 132 
20 1860 140 
21 1852 148 
22 1845 155 
23 1841 159 
24 1839 161 
25 1831 169 
26 1818 182 
27 1807 193 
28 1802 198 
29 1798 202 
30 1791 209 
31 1787 213 
32 1782 218 
33 1777 223 
34 1769 231 
35 1760 240 
36 1756 244 
37 1748 252 
38 1739 261 
39 1734 266 
40 1727 273 
41 1720 280 
42 1715 285 
43 1711 289 
44 1702 298 
45 1692 308 
46 1685 315 
47 1682 318 
48 1680 320 
49 1676 324 
50 1672 328 
51 1666 334 
52 1661 339 
53 1652 348 
54 1643 357 
55 1642 358 
56 1637 363 
57 1630 370 
58 1624 376 
59 1621 379 
60 1612 388 
61 1607 393 
62 1596 404 
63 1594 406 
64 1588 412 
65 1583 417 
66 1577 423 
67 1570 430 
68 1560 440 
69 1553 447 
70 1549 451 
71 1542 458 
72 1537 463 
73 1533 467 
74 1524 476 
75 1521 479 
76 1515 485 
77 1506 494 
78 1499 501 
79 1489 511 
80 1480 520 
81 1470 530 
82 1462 538 
83 1455 545 
84 1448 552 
85 1438 562 
86 1433 567 
87 1426 574 
88 1418 582 
89 1407 593 
90 1401 599 
91 1396 604 
92 1388 612 
93 1381 619 
94 1374 626 
95 1369 631 
96 1363 637 
97 1358 642 
98 1348 652 
99 1339 661 
100 1332 668 
101 1328 672 
102 1326 674 
103 1314 686 
104 1308 692 
105 1301 699 
106 1294 706 
107 1294 706 
108 1289 711 
109 1282 718 
110 1275 725 
111 1267 733 
112 1259 741 
113 1251 749 
114 1245 755 
115 1239 761 
116 1229 771 
117 1225 775 
118 1221 779 
119 1216 784 
120 1211 789 
121 1207 793 
122 1205 795 
123 1201 799 
124 1191 809 
125 1188 812 
126 1180 820 
127 1171 829 
128 1165 835 
129 1161 839 
130 1155 845 
131 1152 848 
132 1149 851 
133 1140 860 
134 1136 864 
135 1132 868 
136 1124 876 
137 1116 884 
138 1110 890 
139 1107 893 
140 1097 903 
141 1094 906 
142 1089 911 
143 1083 917 
144 1077 923 
145 1068 932 
146 1065 935 
147 1057 943 
148 1050 950 
149 1039 961 
