0 2000 0 
1 1991 9 
2 1989 11 
3 1983 17 
4 1979 21 
5 1974 26 
6 1968 32 
7 1963 37 
8 1959 41 
9 1952 48 
10 1949 51 
11 1947 53 
12 1940 60 
13 1933 67 
14 1928 72 
15 1922 78 
16 1919 81 
17 1912 88 
18 1909 91 
19 1904 96 
20 1899 101 
21 1894 106 
22 1888 112 
23 1885 115 
24 1881 119 
25 1870 130 
26 1865 135 
27 1859 141 
28 1854 146 
29 1849 151 
30 1844 156 
31 1836 164 
32 1830 170 
33 1825 175 
34 1822 178 
35 1818 182 
36 1810 190 
37 1808 192 
38 1806 194 
39 1804 196 
40 1798 202 
41 1794 206 
42 1790 210 
43 1782 218 
44 1775 225 
45 1771 229 
46 1769 231 
47 1762 238 
48 1761 239 
49 1755 245 
50 1752 248 
51 1747 253 
52 1742 258 
53 1736 264 
54 1728 272 
55 1718 282 
56 1712 288 
57 1707 293 
58 1704 296 
59 1697 303 
60 1691 309 
61 1685 315 
62 1681 319 
63 1674 326 
64 1669 331 
65 1661 339 
66 1654 346 
67 1650 350 
68 1644 356 
69 1638 362 
70 1632 368 
71 1628 372 
72 1625 375 
73 1623 377 
74 1619 381 
75 1617 383 
76 1609 391 
77 1606 394 
78 1598 402 
79 1594 406 
80 1590 410 
81 1585 415 
82 1580 420 
83 1574 426 
84 1567 433 
85 1559 441 
86 1555 445 
87 1542 458 
88 1538 462 
89 1534 466 
90 1531 469 
91 1528 472 
92 1525 475 
93 1520 480 
94 1516 484 
95 1512 488 
96 1506 494 
97 1499 501 
98 1498 502 
99 1490 510 
100 1486 514 
101 1477 523 
102 1472 528 
103 1466 534 
104 1456 544 
105 1450 550 
106 1439 561 
107 1435 565 
108 1430 570 
109 1421 579 
110 1417 583 
111 1410 590 
112 1400 600 
113 1389 611 
114 1387 613 
115 1381 619 
116 1377 623 
117 1369 631 
118 1365 635 
119 1359 641 
120 1356 644 
121 1348 652 
122 1345 655 
123 1334 666 
124 1332 668 
125 1326 674 
126 1325 675 
127 1321 679 
128 1321 679 
129 1316 684 
130 1311 689 
131 1305 695 
132 1304 696 
133 1298 702 
134 1294 706 
135 1287 713 
136 1282 718 
137 1278 722 
138 1276 724 
139 1271 729 
140 1268 732 
141 1261 739 
142 1257 743 
143 1250 750 
144 1249 751 
145 1243 757 
146 1238 762 
147 1230 770 
148 1222 778 
149 1218 782 
150 1212 788 
151 1207 793 
152 1203 797 
153 1197 803 
154 1190 810 
155 1178 822 
156 1177 823 
157 1174 826 
158 1168 832 
159 1163 837 
160 1157 843 
161 1151 849 
162 1148 852 
163 1139 861 
164 1136 864 
165 1133 867 
166 1131 869 
167 1120 880 
168 1118 882 
169 1112 888 
170 1111 889 
171 1103 897 
172 1098 902 
173 1092 908 
174 1090 910 
175 1084 916 
176 1078 922 
177 1069 931 
178 1058 942 
179 1052 948 
180 1043 957 
181 1038 962 
