0 2000 0 
1 1999 1 
2 1997 3 
3 1993 7 
4 1988 12 
5 1986 14 
6 1983 17 
7 1981 19 
8 1976 24 
9 1975 25 
10 1971 29 
11 1968 32 
12 1966 34 
13 1964 36 
14 1962 38 
15 1962 38 
16 1957 43 
17 1954 46 
18 1952 48 
19 1950 50 
20 1944 56 
21 1945 55 
22 1942 58 
23 1942 58 
24 1937 63 
25 1936 64 
26 1932 68 
27 1933 67 
28 1930 70 
29 1930 70 
30 1923 77 
31 1924 76 
32 1918 82 
33 1916 84 
34 1913 87 
35 1913 87 
36 1910 90 
37 1907 93 
38 1903 97 
39 1903 97 
40 1896 104 
41 1895 105 
42 1890 110 
43 1892 108 
44 1887 113 
45 1886 114 
46 1882 118 
47 1882 118 
48 1877 123 
49 1878 122 
50 1869 131 
51 1870 130 
52 1865 135 
53 1861 139 
54 1855 145 
55 1853 147 
56 1847 153 
57 1842 158 
58 1838 162 
59 1839 161 
60 1835 165 
61 1834 166 
62 1827 173 
63 1826 174 
64 1822 178 
65 1823 177 
66 1819 181 
67 1818 182 
68 1814 186 
69 1813 187 
70 1807 193 
71 1806 194 
72 1800 200 
73 1800 200 
74 1792 208 
75 1793 207 
76 1786 214 
77 1784 216 
78 1775 225 
79 1777 223 
80 1770 230 
81 1768 232 
82 1763 237 
83 1764 236 
84 1755 245 
85 1755 245 
86 1748 252 
87 1749 251 
88 1744 256 
89 1746 254 
90 1739 261 
91 1743 257 
92 1735 265 
93 1735 265 
94 1725 275 
95 1726 274 
96 1718 282 
97 1720 280 
98 1713 287 
99 1714 286 
100 1709 291 
101 1710 290 
102 1704 296 
103 1704 296 
104 1695 305 
105 1697 303 
106 1690 310 
107 1691 309 
108 1683 317 
109 1682 318 
110 1676 324 
111 1676 324 
112 1670 330 
113 1673 327 
114 1665 335 
115 1666 334 
116 1660 340 
117 1661 339 
118 1653 347 
119 1653 347 
120 1646 354 
121 1646 354 
122 1636 364 
123 1635 365 
124 1630 370 
125 1633 367 
126 1621 379 
127 1619 381 
128 1611 389 
129 1608 392 
130 1600 400 
131 1600 400 
132 1593 407 
133 1587 413 
134 1583 417 
135 1582 418 
136 1579 421 
137 1578 422 
138 1571 429 
139 1570 430 
140 1565 435 
141 1561 439 
142 1555 445 
143 1554 446 
144 1547 453 
145 1546 454 
146 1544 456 
147 1542 458 
148 1540 460 
149 1539 461 
150 1538 462 
151 1537 463 
152 1534 466 
153 1531 469 
154 1526 474 
155 1526 474 
156 1523 477 
157 1523 477 
158 1516 484 
159 1515 485 
160 1511 489 
161 1508 492 
162 1504 496 
163 1497 503 
164 1494 506 
165 1488 512 
166 1488 512 
167 1483 517 
168 1480 520 
169 1476 524 
170 1474 526 
171 1472 528 
172 1472 528 
173 1464 536 
174 1463 537 
175 1457 543 
176 1455 545 
177 1450 550 
178 1449 551 
179 1441 559 
180 1439 561 
181 1434 566 
182 1432 568 
183 1425 575 
184 1426 574 
185 1423 577 
186 1421 579 
187 1414 586 
188 1416 584 
189 1409 591 
190 1409 591 
191 1406 594 
192 1404 596 
193 1398 602 
194 1398 602 
195 1395 605 
196 1392 608 
197 1388 612 
198 1384 616 
199 1380 620 
200 1379 621 
201 1375 625 
202 1374 626 
203 1368 632 
204 1368 632 
205 1360 640 
206 1362 638 
207 1357 643 
208 1357 643 
209 1352 648 
210 1352 648 
211 1338 662 
212 1340 660 
213 1335 665 
214 1335 665 
215 1328 672 
216 1330 670 
217 1324 676 
218 1328 672 
219 1321 679 
220 1319 681 
221 1312 688 
222 1315 685 
223 1308 692 
224 1310 690 
225 1303 697 
226 1306 694 
227 1297 703 
228 1297 703 
229 1290 710 
230 1293 707 
231 1286 714 
232 1287 713 
233 1280 720 
234 1281 719 
235 1274 726 
236 1278 722 
237 1275 725 
238 1276 724 
239 1268 732 
240 1270 730 
241 1263 737 
242 1265 735 
243 1260 740 
244 1262 738 
245 1255 745 
246 1256 744 
247 1248 752 
248 1248 752 
249 1240 760 
250 1240 760 
251 1235 765 
252 1236 764 
253 1232 768 
254 1233 767 
255 1229 771 
256 1230 770 
257 1226 774 
258 1227 773 
259 1222 778 
260 1221 779 
261 1214 786 
262 1215 785 
263 1208 792 
264 1208 792 
265 1200 800 
266 1203 797 
267 1196 804 
268 1199 801 
269 1192 808 
270 1194 806 
271 1188 812 
272 1189 811 
273 1180 820 
274 1179 821 
275 1173 827 
276 1172 828 
277 1165 835 
278 1166 834 
279 1159 841 
280 1161 839 
281 1156 844 
282 1157 843 
283 1150 850 
284 1148 852 
285 1141 859 
286 1140 860 
287 1137 863 
288 1136 864 
289 1131 869 
290 1130 870 
291 1124 876 
292 1125 875 
293 1120 880 
294 1121 879 
295 1115 885 
296 1115 885 
297 1111 889 
298 1110 890 
299 1107 893 
300 1109 891 
301 1104 896 
302 1104 896 
303 1099 901 
304 1100 900 
305 1097 903 
306 1097 903 
307 1094 906 
308 1095 905 
309 1094 906 
310 1096 904 
311 1093 907 
312 1091 909 
313 1086 914 
314 1086 914 
