0 2000 0 
1 1992 8 
2 1995 5 
3 1990 10 
4 1986 14 
5 1981 19 
6 1978 22 
7 1976 24 
8 1972 28 
9 1971 29 
10 1969 31 
11 1966 34 
12 1966 34 
13 1966 34 
14 1964 36 
15 1964 36 
16 1962 38 
17 1959 41 
18 1958 42 
19 1955 45 
20 1954 46 
21 1949 51 
22 1947 53 
23 1940 60 
24 1940 60 
25 1935 65 
26 1934 66 
27 1932 68 
28 1931 69 
29 1928 72 
30 1928 72 
31 1925 75 
32 1926 74 
33 1921 79 
34 1920 80 
35 1918 82 
36 1917 83 
37 1915 85 
38 1914 86 
39 1912 88 
40 1909 91 
41 1908 92 
42 1908 92 
43 1900 100 
44 1896 104 
45 1894 106 
46 1896 104 
47 1893 107 
48 1892 108 
49 1886 114 
50 1886 114 
51 1884 116 
52 1882 118 
53 1877 123 
54 1877 123 
55 1873 127 
56 1874 126 
57 1871 129 
58 1870 130 
59 1864 136 
60 1862 138 
61 1858 142 
62 1860 140 
63 1856 144 
64 1854 146 
65 1852 148 
66 1850 150 
67 1846 154 
68 1844 156 
69 1841 159 
70 1841 159 
71 1837 163 
72 1839 161 
73 1834 166 
74 1830 170 
75 1823 177 
76 1822 178 
77 1819 181 
78 1818 182 
79 1816 184 
80 1814 186 
81 1808 192 
82 1809 191 
83 1806 194 
84 1803 197 
85 1799 201 
86 1799 201 
87 1795 205 
88 1795 205 
89 1792 208 
90 1793 207 
91 1787 213 
92 1788 212 
93 1785 215 
94 1783 217 
95 1782 218 
96 1779 221 
97 1778 222 
98 1777 223 
99 1774 226 
100 1774 226 
101 1771 229 
102 1770 230 
103 1768 232 
104 1767 233 
105 1763 237 
106 1763 237 
107 1760 240 
108 1761 239 
109 1759 241 
110 1756 244 
111 1752 248 
112 1752 248 
113 1747 253 
114 1746 254 
115 1745 255 
116 1741 259 
117 1734 266 
118 1732 268 
119 1725 275 
120 1724 276 
121 1720 280 
122 1718 282 
123 1712 288 
124 1710 290 
125 1703 297 
126 1704 296 
127 1700 300 
128 1702 298 
129 1693 307 
130 1694 306 
131 1689 311 
132 1693 307 
133 1685 315 
134 1685 315 
135 1680 320 
136 1677 323 
137 1671 329 
138 1672 328 
139 1664 336 
140 1662 338 
141 1653 347 
142 1653 347 
143 1644 356 
144 1645 355 
145 1637 363 
146 1637 363 
147 1631 369 
148 1634 366 
149 1629 371 
150 1627 373 
151 1617 383 
152 1616 384 
153 1606 394 
154 1606 394 
155 1600 400 
156 1599 401 
157 1592 408 
158 1593 407 
159 1581 419 
160 1581 419 
161 1573 427 
162 1572 428 
163 1566 434 
164 1565 435 
165 1557 443 
166 1556 444 
167 1548 452 
168 1547 453 
169 1541 459 
170 1542 458 
171 1531 469 
172 1531 469 
173 1522 478 
174 1522 478 
175 1520 480 
176 1517 483 
177 1511 489 
178 1512 488 
179 1508 492 
180 1506 494 
181 1500 500 
182 1499 501 
183 1492 508 
184 1491 509 
185 1487 513 
186 1487 513 
187 1483 517 
188 1481 519 
189 1473 527 
190 1473 527 
191 1468 532 
192 1465 535 
193 1460 540 
194 1457 543 
195 1454 546 
196 1450 550 
197 1445 555 
198 1445 555 
199 1443 557 
200 1437 563 
201 1434 566 
202 1429 571 
203 1423 577 
204 1421 579 
205 1413 587 
206 1413 587 
207 1406 594 
208 1406 594 
209 1399 601 
210 1401 599 
211 1394 606 
212 1394 606 
213 1388 612 
214 1386 614 
215 1383 617 
216 1384 616 
217 1379 621 
218 1380 620 
219 1377 623 
220 1374 626 
221 1371 629 
222 1370 630 
223 1365 635 
224 1362 638 
225 1351 649 
226 1350 650 
227 1346 654 
228 1345 655 
229 1337 663 
230 1336 664 
231 1335 665 
232 1336 664 
233 1330 670 
234 1329 671 
235 1324 676 
236 1319 681 
237 1314 686 
238 1313 687 
239 1307 693 
240 1306 694 
241 1303 697 
242 1301 699 
243 1299 701 
244 1299 701 
245 1297 703 
246 1298 702 
247 1294 706 
248 1295 705 
249 1291 709 
250 1290 710 
251 1286 714 
252 1286 714 
253 1284 716 
254 1280 720 
255 1277 723 
256 1274 726 
257 1273 727 
258 1268 732 
259 1266 734 
260 1265 735 
261 1264 736 
262 1258 742 
263 1257 743 
264 1256 744 
265 1249 751 
266 1245 755 
267 1241 759 
268 1236 764 
269 1232 768 
270 1226 774 
271 1222 778 
272 1217 783 
273 1216 784 
274 1213 787 
275 1208 792 
276 1206 794 
277 1202 798 
278 1197 803 
279 1193 807 
280 1188 812 
281 1187 813 
282 1183 817 
283 1183 817 
284 1180 820 
285 1175 825 
286 1173 827 
287 1173 827 
288 1170 830 
289 1171 829 
290 1165 835 
291 1163 837 
292 1158 842 
293 1155 845 
294 1147 853 
295 1145 855 
296 1138 862 
297 1137 863 
298 1133 867 
299 1133 867 
300 1130 870 
301 1132 868 
302 1129 871 
303 1131 869 
304 1128 872 
305 1127 873 
306 1122 878 
307 1122 878 
308 1120 880 
309 1122 878 
310 1121 879 
311 1122 878 
312 1118 882 
313 1119 881 
314 1112 888 
315 1111 889 
316 1110 890 
317 1110 890 
318 1105 895 
319 1104 896 
320 1100 900 
321 1100 900 
322 1099 901 
323 1099 901 
324 1099 901 
325 1097 903 
326 1095 905 
327 1094 906 
328 1089 911 
329 1087 913 
330 1085 915 
331 1084 916 
