0 3000 0 
1 2994 6 
2 2993 7 
3 2984 16 
4 2983 17 
5 2980 20 
6 2976 24 
7 2969 31 
8 2963 37 
9 2961 39 
10 2959 41 
11 2959 41 
12 2956 44 
13 2956 44 
14 2953 47 
15 2952 48 
16 2950 50 
17 2948 52 
18 2943 57 
19 2938 62 
20 2935 65 
21 2933 67 
22 2932 68 
23 2929 71 
24 2926 74 
25 2923 77 
26 2921 79 
27 2920 80 
28 2918 82 
29 2913 87 
30 2912 88 
31 2912 88 
32 2912 88 
33 2912 88 
34 2911 89 
35 2908 92 
36 2906 94 
37 2902 98 
38 2901 99 
39 2900 100 
40 2898 102 
41 2891 109 
42 2889 111 
43 2883 117 
44 2879 121 
45 2879 121 
46 2873 127 
47 2869 131 
48 2866 134 
49 2863 137 
50 2862 138 
51 2860 140 
52 2855 145 
53 2848 152 
54 2846 154 
55 2844 156 
56 2841 159 
57 2836 164 
58 2833 167 
59 2832 168 
60 2831 169 
61 2824 176 
62 2819 181 
63 2815 185 
64 2813 187 
65 2812 188 
66 2808 192 
67 2805 195 
68 2802 198 
69 2800 200 
70 2794 206 
71 2792 208 
72 2787 213 
73 2786 214 
74 2781 219 
75 2779 221 
76 2772 228 
77 2769 231 
78 2766 234 
79 2767 233 
80 2761 239 
81 2760 240 
82 2756 244 
83 2757 243 
84 2752 248 
85 2753 247 
86 2747 253 
87 2748 252 
88 2740 260 
89 2739 261 
90 2733 267 
91 2731 269 
92 2725 275 
93 2722 278 
94 2718 282 
95 2716 284 
96 2710 290 
97 2710 290 
98 2705 295 
99 2702 298 
100 2700 300 
101 2700 300 
102 2696 304 
103 2693 307 
104 2687 313 
105 2682 318 
106 2681 319 
107 2681 319 
108 2675 325 
109 2673 327 
110 2669 331 
111 2666 334 
112 2661 339 
113 2660 340 
114 2653 347 
115 2649 351 
116 2641 359 
117 2640 360 
118 2634 366 
119 2633 367 
120 2629 371 
121 2625 375 
122 2621 379 
123 2613 387 
124 2610 390 
125 2606 394 
126 2600 400 
127 2597 403 
128 2595 405 
129 2590 410 
130 2584 416 
131 2581 419 
132 2576 424 
133 2575 425 
134 2570 430 
135 2569 431 
136 2561 439 
137 2555 445 
138 2551 449 
139 2550 450 
140 2546 454 
141 2548 452 
142 2545 455 
143 2545 455 
144 2541 459 
145 2538 462 
146 2535 465 
147 2532 468 
148 2530 470 
149 2527 473 
150 2521 479 
151 2522 478 
152 2519 481 
153 2517 483 
154 2511 489 
155 2510 490 
156 2506 494 
157 2505 495 
158 2500 500 
159 2498 502 
160 2493 507 
161 2486 514 
162 2480 520 
163 2478 522 
164 2474 526 
165 2474 526 
166 2468 532 
167 2467 533 
168 2464 536 
169 2462 538 
170 2456 544 
171 2456 544 
172 2450 550 
173 2445 555 
174 2440 560 
175 2442 558 
176 2432 568 
177 2430 570 
178 2424 576 
179 2422 578 
180 2418 582 
181 2417 583 
182 2412 588 
183 2409 591 
184 2401 599 
185 2402 598 
186 2395 605 
187 2389 611 
188 2386 614 
189 2385 615 
190 2379 621 
191 2380 620 
192 2375 625 
193 2369 631 
194 2360 640 
195 2361 639 
196 2354 646 
197 2354 646 
198 2350 650 
199 2351 649 
200 2343 657 
201 2345 655 
202 2339 661 
203 2338 662 
204 2332 668 
205 2334 666 
206 2328 672 
207 2326 674 
208 2318 682 
209 2317 683 
210 2312 688 
211 2311 689 
212 2304 696 
213 2303 697 
214 2300 700 
215 2297 703 
216 2293 707 
217 2293 707 
218 2289 711 
219 2286 714 
220 2283 717 
221 2280 720 
222 2278 722 
223 2276 724 
224 2273 727 
225 2266 734 
226 2263 737 
227 2259 741 
228 2250 750 
229 2245 755 
230 2241 759 
231 2239 761 
232 2238 762 
233 2235 765 
234 2231 769 
235 2230 770 
236 2228 772 
237 2226 774 
238 2217 783 
239 2209 791 
240 2206 794 
241 2204 796 
242 2202 798 
243 2197 803 
244 2194 806 
245 2189 811 
246 2186 814 
247 2185 815 
248 2183 817 
249 2178 822 
250 2176 824 
251 2177 823 
252 2171 829 
253 2170 830 
254 2167 833 
255 2159 841 
256 2157 843 
257 2157 843 
258 2152 848 
259 2147 853 
260 2143 857 
261 2144 856 
262 2141 859 
263 2138 862 
264 2131 869 
265 2130 870 
266 2128 872 
267 2122 878 
268 2115 885 
269 2112 888 
270 2109 891 
271 2107 893 
272 2103 897 
273 2103 897 
274 2099 901 
275 2096 904 
276 2094 906 
277 2089 911 
278 2085 915 
279 2083 917 
280 2078 922 
281 2076 924 
282 2072 928 
283 2070 930 
284 2068 932 
285 2064 936 
286 2063 937 
287 2059 941 
288 2055 945 
289 2048 952 
290 2042 958 
291 2042 958 
292 2040 960 
293 2038 962 
294 2034 966 
295 2032 968 
296 2030 970 
297 2027 973 
298 2019 981 
299 2017 983 
300 2014 986 
301 2012 988 
302 2011 989 
303 2006 994 
304 2002 998 
305 1999 1001 
306 1993 1007 
307 1993 1007 
308 1990 1010 
309 1989 1011 
310 1985 1015 
311 1984 1016 
312 1980 1020 
313 1979 1021 
314 1977 1023 
315 1975 1025 
316 1974 1026 
317 1969 1031 
318 1963 1037 
319 1961 1039 
320 1958 1042 
321 1954 1046 
322 1952 1048 
323 1949 1051 
324 1946 1054 
325 1943 1057 
326 1941 1059 
327 1938 1062 
328 1937 1063 
329 1932 1068 
330 1930 1070 
331 1927 1073 
332 1923 1077 
333 1921 1079 
334 1917 1083 
335 1917 1083 
336 1913 1087 
337 1908 1092 
338 1902 1098 
339 1900 1100 
340 1893 1107 
341 1889 1111 
342 1886 1114 
343 1883 1117 
344 1881 1119 
345 1879 1121 
346 1879 1121 
347 1875 1125 
348 1874 1126 
349 1869 1131 
350 1868 1132 
351 1868 1132 
352 1867 1133 
353 1863 1137 
354 1864 1136 
355 1864 1136 
356 1864 1136 
357 1861 1139 
358 1858 1142 
359 1856 1144 
360 1853 1147 
361 1849 1151 
362 1852 1148 
363 1850 1150 
364 1849 1151 
365 1846 1154 
366 1846 1154 
367 1843 1157 
368 1843 1157 
369 1842 1158 
370 1841 1159 
371 1841 1159 
372 1839 1161 
373 1834 1166 
374 1833 1167 
375 1830 1170 
376 1829 1171 
377 1824 1176 
378 1822 1178 
379 1819 1181 
380 1820 1180 
381 1818 1182 
382 1815 1185 
383 1814 1186 
384 1811 1189 
385 1805 1195 
386 1806 1194 
387 1805 1195 
388 1803 1197 
389 1802 1198 
390 1800 1200 
391 1794 1206 
392 1796 1204 
393 1796 1204 
394 1795 1205 
395 1791 1209 
396 1787 1213 
397 1784 1216 
398 1786 1214 
399 1784 1216 
400 1781 1219 
401 1781 1219 
402 1778 1222 
403 1775 1225 
404 1774 1226 
405 1771 1229 
406 1771 1229 
407 1768 1232 
408 1765 1235 
409 1762 1238 
410 1760 1240 
411 1759 1241 
412 1761 1239 
413 1754 1246 
414 1756 1244 
415 1753 1247 
416 1753 1247 
417 1748 1252 
418 1746 1254 
419 1742 1258 
420 1742 1258 
421 1737 1263 
422 1739 1261 
423 1732 1268 
424 1734 1266 
425 1732 1268 
426 1735 1265 
427 1733 1267 
428 1729 1271 
429 1723 1277 
430 1722 1278 
431 1718 1282 
432 1719 1281 
433 1717 1283 
434 1717 1283 
435 1713 1287 
436 1712 1288 
437 1708 1292 
438 1710 1290 
439 1705 1295 
440 1708 1292 
441 1703 1297 
442 1703 1297 
443 1696 1304 
444 1696 1304 
445 1691 1309 
446 1691 1309 
447 1686 1314 
448 1688 1312 
449 1684 1316 
450 1685 1315 
451 1676 1324 
452 1678 1322 
453 1675 1325 
454 1675 1325 
455 1669 1331 
456 1671 1329 
457 1664 1336 
458 1665 1335 
459 1663 1337 
460 1663 1337 
461 1661 1339 
462 1661 1339 
463 1657 1343 
464 1658 1342 
465 1653 1347 
466 1650 1350 
467 1648 1352 
468 1650 1350 
469 1645 1355 
470 1647 1353 
471 1645 1355 
472 1645 1355 
473 1641 1359 
474 1643 1357 
475 1637 1363 
476 1639 1361 
477 1634 1366 
478 1641 1359 
