0 2000 0 
1 1997 3 
2 1996 4 
3 1993 7 
4 1991 9 
5 1986 14 
6 1982 18 
7 1978 22 
8 1976 24 
9 1972 28 
10 1967 33 
11 1967 33 
12 1965 35 
13 1961 39 
14 1958 42 
15 1954 46 
16 1952 48 
17 1950 50 
18 1947 53 
19 1942 58 
20 1940 60 
21 1935 65 
22 1934 66 
23 1931 69 
24 1929 71 
25 1928 72 
26 1927 73 
27 1924 76 
28 1924 76 
29 1919 81 
30 1920 80 
31 1916 84 
32 1913 87 
33 1909 91 
34 1908 92 
35 1906 94 
36 1901 99 
37 1899 101 
38 1896 104 
39 1892 108 
40 1891 109 
41 1886 114 
42 1883 117 
43 1880 120 
44 1878 122 
45 1875 125 
46 1874 126 
47 1872 128 
48 1873 127 
49 1870 130 
50 1868 132 
51 1866 134 
52 1865 135 
53 1862 138 
54 1861 139 
55 1854 146 
56 1854 146 
57 1849 151 
58 1846 154 
59 1842 158 
60 1837 163 
61 1832 168 
62 1829 171 
63 1825 175 
64 1820 180 
65 1818 182 
66 1818 182 
67 1814 186 
68 1814 186 
69 1811 189 
70 1810 190 
71 1806 194 
72 1804 196 
73 1801 199 
74 1800 200 
75 1799 201 
76 1798 202 
77 1796 204 
78 1791 209 
79 1787 213 
80 1784 216 
81 1780 220 
82 1778 222 
83 1774 226 
84 1770 230 
85 1769 231 
86 1764 236 
87 1763 237 
88 1760 240 
89 1755 245 
90 1752 248 
91 1748 252 
92 1749 251 
93 1744 256 
94 1744 256 
95 1740 260 
96 1736 264 
97 1729 271 
98 1727 273 
99 1720 280 
100 1720 280 
101 1717 283 
102 1716 284 
103 1714 286 
104 1712 288 
105 1705 295 
106 1700 300 
107 1696 304 
108 1696 304 
109 1693 307 
110 1694 306 
111 1690 310 
112 1690 310 
113 1685 315 
114 1685 315 
115 1678 322 
116 1678 322 
117 1672 328 
118 1668 332 
119 1663 337 
120 1663 337 
121 1657 343 
122 1655 345 
123 1651 349 
124 1651 349 
125 1647 353 
126 1645 355 
127 1640 360 
128 1638 362 
129 1633 367 
130 1629 371 
131 1624 376 
132 1619 381 
133 1617 383 
134 1617 383 
135 1610 390 
136 1607 393 
137 1603 397 
138 1603 397 
139 1600 400 
140 1598 402 
141 1595 405 
142 1590 410 
143 1589 411 
144 1588 412 
145 1585 415 
146 1579 421 
147 1570 430 
148 1570 430 
149 1566 434 
150 1558 442 
151 1553 447 
152 1546 454 
153 1543 457 
154 1542 458 
155 1538 462 
156 1539 461 
157 1531 469 
158 1529 471 
159 1526 474 
160 1525 475 
161 1518 482 
162 1514 486 
163 1510 490 
164 1505 495 
165 1500 500 
166 1500 500 
167 1497 503 
168 1496 504 
169 1495 505 
170 1495 505 
171 1490 510 
172 1489 511 
173 1486 514 
174 1486 514 
175 1480 520 
176 1474 526 
177 1467 533 
178 1465 535 
179 1462 538 
180 1460 540 
181 1457 543 
182 1458 542 
183 1453 547 
184 1453 547 
185 1450 550 
186 1451 549 
187 1444 556 
188 1440 560 
189 1434 566 
190 1433 567 
191 1430 570 
192 1427 573 
193 1422 578 
194 1419 581 
195 1417 583 
196 1415 585 
197 1408 592 
198 1406 594 
199 1402 598 
200 1400 600 
201 1396 604 
202 1395 605 
203 1389 611 
204 1385 615 
205 1378 622 
206 1376 624 
207 1374 626 
208 1372 628 
209 1367 633 
210 1364 636 
211 1360 640 
212 1360 640 
213 1357 643 
214 1352 648 
215 1350 650 
216 1349 651 
217 1345 655 
218 1343 657 
219 1340 660 
220 1334 666 
221 1332 668 
222 1328 672 
223 1325 675 
224 1321 679 
225 1317 683 
226 1315 685 
227 1315 685 
228 1310 690 
229 1308 692 
230 1304 696 
231 1302 698 
232 1301 699 
233 1299 701 
234 1292 708 
235 1289 711 
236 1284 716 
237 1281 719 
238 1276 724 
239 1271 729 
240 1268 732 
241 1269 731 
242 1264 736 
243 1263 737 
244 1260 740 
245 1261 739 
246 1256 744 
247 1253 747 
248 1249 751 
249 1248 752 
250 1244 756 
251 1242 758 
252 1236 764 
253 1233 767 
254 1233 767 
255 1228 772 
256 1225 775 
257 1223 777 
258 1218 782 
259 1214 786 
260 1211 789 
261 1209 791 
262 1206 794 
263 1204 796 
264 1199 801 
265 1199 801 
266 1196 804 
267 1195 805 
268 1191 809 
269 1189 811 
270 1186 814 
271 1183 817 
272 1180 820 
273 1178 822 
274 1175 825 
275 1174 826 
276 1170 830 
277 1169 831 
278 1166 834 
279 1163 837 
280 1157 843 
281 1157 843 
282 1151 849 
283 1149 851 
284 1147 853 
285 1147 853 
286 1143 857 
287 1141 859 
288 1137 863 
289 1137 863 
290 1131 869 
291 1126 874 
292 1121 879 
293 1120 880 
294 1119 881 
295 1118 882 
296 1117 883 
297 1113 887 
298 1109 891 
299 1108 892 
300 1106 894 
301 1107 893 
302 1105 895 
303 1105 895 
304 1099 901 
305 1097 903 
306 1089 911 
307 1090 910 
308 1088 912 
309 1088 912 
310 1084 916 
311 1081 919 
312 1074 926 
313 1072 928 
