0 2000 0 
1 1999 1 
2 1995 5 
3 1991 9 
4 1991 9 
5 1988 12 
6 1986 14 
7 1985 15 
8 1985 15 
9 1984 16 
10 1979 21 
11 1976 24 
12 1973 27 
13 1970 30 
14 1967 33 
15 1965 35 
16 1963 37 
17 1960 40 
18 1958 42 
19 1956 44 
20 1954 46 
21 1954 46 
22 1952 48 
23 1950 50 
24 1947 53 
25 1945 55 
26 1941 59 
27 1939 61 
28 1937 63 
29 1933 67 
30 1932 68 
31 1930 70 
32 1925 75 
33 1924 76 
34 1920 80 
35 1918 82 
36 1915 85 
37 1914 86 
38 1910 90 
39 1909 91 
40 1906 94 
41 1908 92 
42 1904 96 
43 1904 96 
44 1897 103 
45 1898 102 
46 1893 107 
47 1894 106 
48 1890 110 
49 1891 109 
50 1888 112 
51 1889 111 
52 1880 120 
53 1883 117 
54 1877 123 
55 1880 120 
56 1872 128 
57 1873 127 
58 1868 132 
59 1866 134 
60 1859 141 
61 1861 139 
62 1854 146 
63 1855 145 
64 1851 149 
65 1851 149 
66 1846 154 
67 1846 154 
68 1842 158 
69 1844 156 
70 1839 161 
71 1840 160 
72 1834 166 
73 1834 166 
74 1824 176 
75 1823 177 
76 1817 183 
77 1817 183 
78 1811 189 
79 1812 188 
80 1808 192 
81 1809 191 
82 1804 196 
83 1804 196 
84 1800 200 
85 1801 199 
86 1796 204 
87 1794 206 
88 1789 211 
89 1788 212 
90 1783 217 
91 1781 219 
92 1776 224 
93 1774 226 
94 1765 235 
95 1764 236 
96 1757 243 
97 1758 242 
98 1754 246 
99 1754 246 
100 1750 250 
101 1747 253 
102 1744 256 
103 1746 254 
104 1741 259 
105 1742 258 
106 1736 264 
107 1736 264 
108 1732 268 
109 1730 270 
110 1723 277 
111 1722 278 
112 1716 284 
113 1715 285 
114 1709 291 
115 1710 290 
116 1705 295 
117 1703 297 
118 1695 305 
119 1695 305 
120 1687 313 
121 1683 317 
122 1675 325 
123 1676 324 
124 1670 330 
125 1672 328 
126 1663 337 
127 1665 335 
128 1657 343 
129 1655 345 
130 1649 351 
131 1649 351 
132 1644 356 
133 1641 359 
134 1635 365 
135 1635 365 
136 1628 372 
137 1630 370 
138 1622 378 
139 1625 375 
140 1618 382 
141 1621 379 
142 1615 385 
143 1619 381 
144 1616 384 
145 1614 386 
146 1608 392 
147 1609 391 
148 1605 395 
149 1602 398 
150 1596 404 
151 1594 406 
152 1590 410 
153 1588 412 
154 1581 419 
155 1580 420 
156 1577 423 
157 1579 421 
158 1573 427 
159 1571 429 
160 1566 434 
161 1565 435 
162 1560 440 
163 1560 440 
164 1555 445 
165 1556 444 
166 1548 452 
167 1543 457 
168 1538 462 
169 1535 465 
170 1530 470 
171 1527 473 
172 1522 478 
173 1521 479 
174 1519 481 
175 1517 483 
176 1514 486 
177 1510 490 
178 1505 495 
179 1503 497 
180 1499 501 
181 1495 505 
182 1489 511 
183 1484 516 
184 1479 521 
185 1477 523 
186 1473 527 
187 1471 529 
188 1467 533 
189 1463 537 
190 1460 540 
191 1456 544 
192 1453 547 
193 1449 551 
194 1443 557 
195 1438 562 
196 1437 563 
197 1436 564 
198 1434 566 
199 1429 571 
200 1425 575 
201 1421 579 
202 1420 580 
203 1416 584 
204 1413 587 
205 1410 590 
206 1405 595 
207 1401 599 
208 1394 606 
209 1394 606 
210 1392 608 
211 1390 610 
212 1388 612 
213 1383 617 
214 1382 618 
215 1378 622 
216 1371 629 
217 1369 631 
218 1365 635 
219 1365 635 
220 1364 636 
221 1360 640 
222 1357 643 
223 1355 645 
224 1354 646 
225 1348 652 
226 1344 656 
227 1346 654 
228 1340 660 
229 1336 664 
230 1333 667 
231 1329 671 
232 1327 673 
233 1322 678 
234 1317 683 
235 1317 683 
236 1316 684 
237 1313 687 
238 1310 690 
239 1309 691 
240 1304 696 
241 1303 697 
242 1295 705 
243 1292 708 
244 1285 715 
245 1281 719 
246 1277 723 
247 1277 723 
248 1275 725 
249 1271 729 
250 1270 730 
251 1267 733 
252 1263 737 
253 1262 738 
254 1258 742 
255 1256 744 
256 1255 745 
257 1253 747 
258 1250 750 
259 1246 754 
260 1243 757 
261 1242 758 
262 1239 761 
263 1233 767 
264 1233 767 
265 1226 774 
266 1224 776 
267 1222 778 
268 1217 783 
269 1213 787 
270 1209 791 
271 1205 795 
272 1204 796 
273 1199 801 
274 1196 804 
275 1192 808 
276 1189 811 
277 1187 813 
278 1183 817 
279 1181 819 
280 1177 823 
281 1175 825 
282 1172 828 
283 1169 831 
284 1167 833 
285 1166 834 
286 1165 835 
287 1164 836 
288 1164 836 
289 1163 837 
290 1162 838 
291 1159 841 
292 1159 841 
293 1158 842 
294 1158 842 
295 1156 844 
296 1155 845 
297 1152 848 
298 1151 849 
299 1149 851 
300 1147 853 
301 1144 856 
302 1144 856 
303 1143 857 
304 1138 862 
305 1136 864 
306 1133 867 
307 1131 869 
308 1129 871 
309 1130 870 
310 1129 871 
311 1128 872 
312 1122 878 
313 1119 881 
314 1120 880 
315 1118 882 
316 1118 882 
317 1113 887 
318 1109 891 
319 1109 891 
320 1109 891 
321 1107 893 
322 1103 897 
323 1102 898 
324 1098 902 
325 1093 907 
326 1089 911 
327 1086 914 
328 1083 917 
329 1080 920 
330 1079 921 
331 1079 921 
332 1078 922 
333 1075 925 
