0 3000 0 
1 2997 3 
2 2996 4 
3 2992 8 
4 2990 10 
5 2989 11 
6 2985 15 
7 2983 17 
8 2978 22 
9 2976 24 
10 2976 24 
11 2972 28 
12 2969 31 
13 2967 33 
14 2963 37 
15 2960 40 
16 2958 42 
17 2954 46 
18 2953 47 
19 2951 49 
20 2946 54 
21 2944 56 
22 2940 60 
23 2939 61 
24 2936 64 
25 2933 67 
26 2931 69 
27 2928 72 
28 2924 76 
29 2923 77 
30 2922 78 
31 2920 80 
32 2914 86 
33 2910 90 
34 2907 93 
35 2903 97 
36 2901 99 
37 2895 105 
38 2892 108 
39 2887 113 
40 2884 116 
41 2881 119 
42 2879 121 
43 2875 125 
44 2874 126 
45 2871 129 
46 2869 131 
47 2865 135 
48 2865 135 
49 2863 137 
50 2861 139 
51 2855 145 
52 2853 147 
53 2847 153 
54 2842 158 
55 2838 162 
56 2839 161 
57 2833 167 
58 2828 172 
59 2824 176 
60 2824 176 
61 2819 181 
62 2819 181 
63 2813 187 
64 2811 189 
65 2808 192 
66 2808 192 
67 2805 195 
68 2805 195 
69 2801 199 
70 2798 202 
71 2794 206 
72 2792 208 
73 2790 210 
74 2790 210 
75 2788 212 
76 2788 212 
77 2784 216 
78 2782 218 
79 2778 222 
80 2776 224 
81 2772 228 
82 2770 230 
83 2766 234 
84 2763 237 
85 2759 241 
86 2759 241 
87 2757 243 
88 2755 245 
89 2749 251 
90 2748 252 
91 2745 255 
92 2743 257 
93 2739 261 
94 2738 262 
95 2735 265 
96 2733 267 
97 2729 271 
98 2727 273 
99 2723 277 
100 2720 280 
101 2713 287 
102 2712 288 
103 2705 295 
104 2702 298 
105 2696 304 
106 2694 306 
107 2687 313 
108 2687 313 
109 2684 316 
110 2677 323 
111 2673 327 
112 2670 330 
113 2664 336 
114 2660 340 
115 2654 346 
116 2656 344 
117 2653 347 
118 2650 350 
119 2645 355 
120 2645 355 
121 2640 360 
122 2635 365 
123 2627 373 
124 2627 373 
125 2622 378 
126 2622 378 
127 2615 385 
128 2612 388 
129 2605 395 
130 2604 396 
131 2600 400 
132 2601 399 
133 2597 403 
134 2595 405 
135 2590 410 
136 2585 415 
137 2582 418 
138 2579 421 
139 2575 425 
140 2574 426 
141 2568 432 
142 2563 437 
143 2560 440 
144 2560 440 
145 2556 444 
146 2558 442 
147 2556 444 
148 2556 444 
149 2549 451 
150 2548 452 
151 2541 459 
152 2542 458 
153 2536 464 
154 2531 469 
155 2523 477 
156 2520 480 
157 2514 486 
158 2512 488 
159 2507 493 
160 2509 491 
161 2500 500 
162 2496 504 
163 2488 512 
164 2486 514 
165 2480 520 
166 2475 525 
167 2470 530 
168 2468 532 
169 2462 538 
170 2458 542 
171 2452 548 
172 2449 551 
173 2439 561 
174 2438 562 
175 2433 567 
176 2431 569 
177 2428 572 
178 2427 573 
179 2420 580 
180 2415 585 
181 2402 598 
182 2400 600 
183 2396 604 
184 2392 608 
185 2385 615 
186 2384 616 
187 2379 621 
188 2378 622 
189 2374 626 
190 2374 626 
191 2370 630 
192 2368 632 
193 2360 640 
194 2359 641 
195 2351 649 
196 2349 651 
197 2345 655 
198 2337 663 
199 2330 670 
200 2324 676 
201 2320 680 
202 2319 681 
203 2314 686 
204 2311 689 
205 2307 693 
206 2304 696 
207 2301 699 
208 2299 701 
209 2298 702 
210 2296 704 
211 2293 707 
212 2290 710 
213 2285 715 
214 2283 717 
215 2283 717 
216 2275 725 
217 2269 731 
218 2266 734 
219 2262 738 
220 2249 751 
221 2249 751 
222 2244 756 
223 2241 759 
224 2237 763 
225 2235 765 
226 2233 767 
227 2229 771 
228 2222 778 
229 2219 781 
230 2215 785 
231 2213 787 
232 2208 792 
233 2206 794 
234 2202 798 
235 2197 803 
236 2189 811 
237 2184 816 
238 2181 819 
239 2177 823 
240 2174 826 
241 2175 825 
242 2170 830 
243 2169 831 
244 2166 834 
245 2163 837 
246 2157 843 
247 2155 845 
248 2149 851 
249 2146 854 
250 2139 861 
251 2137 863 
252 2127 873 
253 2125 875 
254 2120 880 
255 2119 881 
256 2115 885 
257 2113 887 
258 2106 894 
259 2104 896 
260 2102 898 
261 2101 899 
262 2096 904 
263 2092 908 
264 2086 914 
265 2085 915 
266 2082 918 
267 2080 920 
268 2072 928 
269 2071 929 
270 2065 935 
271 2063 937 
272 2057 943 
273 2054 946 
274 2047 953 
275 2047 953 
276 2042 958 
277 2042 958 
278 2037 963 
279 2035 965 
280 2028 972 
281 2028 972 
282 2022 978 
283 2023 977 
284 2017 983 
285 2019 981 
286 2014 986 
287 2016 984 
288 2010 990 
289 2011 989 
290 2004 996 
291 2005 995 
292 1999 1001 
293 2000 1000 
294 1990 1010 
295 1990 1010 
296 1983 1017 
297 1982 1018 
298 1977 1023 
299 1978 1022 
300 1972 1028 
301 1966 1034 
302 1962 1038 
303 1966 1034 
304 1959 1041 
305 1963 1037 
306 1955 1045 
307 1959 1041 
308 1954 1046 
309 1957 1043 
310 1953 1047 
311 1953 1047 
312 1947 1053 
313 1948 1052 
314 1943 1057 
315 1946 1054 
316 1942 1058 
317 1944 1056 
318 1936 1064 
319 1936 1064 
320 1932 1068 
321 1933 1067 
322 1929 1071 
323 1928 1072 
324 1923 1077 
325 1923 1077 
326 1917 1083 
327 1919 1081 
328 1912 1088 
329 1912 1088 
330 1907 1093 
331 1905 1095 
332 1901 1099 
333 1903 1097 
334 1895 1105 
335 1893 1107 
336 1889 1111 
337 1887 1113 
338 1881 1119 
339 1881 1119 
340 1879 1121 
341 1878 1122 
342 1875 1125 
343 1874 1126 
344 1873 1127 
345 1873 1127 
346 1870 1130 
347 1864 1136 
348 1862 1138 
349 1860 1140 
350 1855 1145 
351 1851 1149 
352 1850 1150 
353 1846 1154 
354 1844 1156 
355 1840 1160 
356 1842 1158 
357 1838 1162 
358 1838 1162 
359 1833 1167 
360 1831 1169 
361 1826 1174 
362 1825 1175 
363 1818 1182 
364 1820 1180 
365 1816 1184 
366 1817 1183 
367 1810 1190 
368 1809 1191 
369 1802 1198 
370 1803 1197 
371 1799 1201 
372 1801 1199 
373 1791 1209 
374 1789 1211 
375 1783 1217 
376 1784 1216 
377 1777 1223 
378 1780 1220 
379 1774 1226 
380 1773 1227 
381 1769 1231 
382 1772 1228 
383 1767 1233 
384 1767 1233 
385 1762 1238 
386 1763 1237 
387 1756 1244 
388 1758 1242 
389 1752 1248 
390 1751 1249 
391 1746 1254 
392 1743 1257 
393 1739 1261 
394 1738 1262 
395 1734 1266 
396 1736 1264 
397 1731 1269 
398 1729 1271 
399 1725 1275 
400 1727 1273 
401 1725 1275 
402 1726 1274 
403 1720 1280 
404 1721 1279 
405 1715 1285 
406 1718 1282 
407 1710 1290 
408 1714 1286 
409 1709 1291 
410 1711 1289 
411 1704 1296 
412 1705 1295 
413 1698 1302 
414 1699 1301 
415 1696 1304 
416 1698 1302 
417 1693 1307 
418 1695 1305 
419 1692 1308 
420 1692 1308 
421 1689 1311 
422 1692 1308 
423 1688 1312 
424 1688 1312 
425 1683 1317 
426 1686 1314 
427 1682 1318 
428 1686 1314 
429 1678 1322 
430 1677 1323 
431 1670 1330 
432 1673 1327 
433 1666 1334 
434 1668 1332 
435 1660 1340 
436 1665 1335 
437 1657 1343 
438 1661 1339 
439 1658 1342 
440 1659 1341 
441 1654 1346 
442 1659 1341 
443 1654 1346 
444 1655 1345 
445 1650 1350 
446 1652 1348 
447 1648 1352 
448 1649 1351 
449 1641 1359 
450 1644 1356 
451 1636 1364 
452 1640 1360 
453 1634 1366 
454 1638 1362 
455 1633 1367 
456 1634 1366 
