0 2000 0 
1 1999 1 
2 1998 2 
3 1998 2 
4 1998 2 
5 1998 2 
6 1997 3 
7 1995 5 
8 1995 5 
9 1994 6 
10 1994 6 
11 1994 6 
12 1994 6 
13 1993 7 
14 1993 7 
15 1991 9 
16 1990 10 
17 1988 12 
18 1988 12 
19 1986 14 
20 1986 14 
21 1985 15 
22 1981 19 
23 1979 21 
24 1978 22 
25 1978 22 
26 1978 22 
27 1977 23 
28 1977 23 
29 1976 24 
30 1976 24 
31 1976 24 
32 1975 25 
33 1975 25 
34 1974 26 
35 1974 26 
36 1973 27 
37 1972 28 
38 1972 28 
39 1972 28 
40 1972 28 
41 1972 28 
42 1969 31 
43 1968 32 
44 1966 34 
45 1966 34 
46 1962 38 
47 1962 38 
48 1962 38 
49 1960 40 
50 1959 41 
51 1958 42 
52 1958 42 
53 1957 43 
54 1955 45 
55 1953 47 
56 1953 47 
57 1950 50 
58 1948 52 
59 1947 53 
60 1947 53 
61 1945 55 
62 1944 56 
63 1943 57 
64 1943 57 
65 1942 58 
66 1941 59 
67 1940 60 
68 1938 62 
69 1937 63 
70 1935 65 
71 1935 65 
72 1935 65 
73 1933 67 
74 1931 69 
75 1930 70 
76 1928 72 
77 1926 74 
78 1926 74 
79 1925 75 
80 1924 76 
81 1924 76 
82 1923 77 
83 1922 78 
84 1921 79 
85 1920 80 
86 1918 82 
87 1917 83 
88 1916 84 
89 1915 85 
90 1914 86 
91 1914 86 
92 1914 86 
93 1913 87 
94 1913 87 
95 1913 87 
96 1911 89 
97 1910 90 
98 1908 92 
99 1908 92 
100 1907 93 
101 1906 94 
102 1905 95 
103 1903 97 
104 1901 99 
105 1901 99 
106 1900 100 
107 1900 100 
108 1898 102 
109 1897 103 
110 1897 103 
111 1897 103 
112 1897 103 
113 1894 106 
114 1894 106 
115 1893 107 
116 1892 108 
117 1888 112 
118 1888 112 
119 1888 112 
120 1888 112 
121 1885 115 
122 1884 116 
123 1882 118 
124 1881 119 
125 1881 119 
126 1881 119 
127 1880 120 
128 1878 122 
129 1877 123 
130 1876 124 
131 1875 125 
132 1874 126 
133 1872 128 
134 1872 128 
135 1872 128 
136 1871 129 
137 1868 132 
138 1868 132 
139 1866 134 
140 1863 137 
141 1862 138 
142 1861 139 
143 1861 139 
144 1860 140 
145 1859 141 
146 1858 142 
147 1858 142 
148 1857 143 
149 1856 144 
150 1856 144 
151 1856 144 
152 1856 144 
153 1856 144 
154 1854 146 
155 1852 148 
156 1851 149 
157 1848 152 
158 1846 154 
159 1845 155 
160 1843 157 
161 1842 158 
162 1840 160 
163 1837 163 
164 1837 163 
165 1837 163 
166 1836 164 
167 1835 165 
168 1833 167 
169 1831 169 
170 1829 171 
171 1828 172 
172 1828 172 
173 1826 174 
174 1825 175 
175 1823 177 
176 1823 177 
177 1822 178 
178 1822 178 
179 1821 179 
180 1817 183 
181 1815 185 
182 1814 186 
183 1814 186 
184 1812 188 
185 1812 188 
186 1809 191 
187 1808 192 
188 1807 193 
189 1807 193 
190 1806 194 
191 1802 198 
192 1801 199 
193 1798 202 
194 1798 202 
195 1797 203 
196 1794 206 
197 1793 207 
198 1792 208 
199 1792 208 
200 1790 210 
201 1790 210 
202 1789 211 
203 1788 212 
204 1787 213 
205 1783 217 
206 1781 219 
207 1779 221 
208 1779 221 
209 1779 221 
210 1777 223 
211 1777 223 
212 1776 224 
213 1775 225 
214 1774 226 
215 1772 228 
216 1770 230 
217 1769 231 
218 1766 234 
219 1763 237 
220 1761 239 
221 1758 242 
222 1758 242 
223 1756 244 
224 1754 246 
225 1754 246 
226 1753 247 
227 1752 248 
228 1752 248 
229 1751 249 
230 1750 250 
231 1748 252 
232 1746 254 
233 1744 256 
234 1741 259 
235 1739 261 
236 1738 262 
237 1737 263 
238 1733 267 
239 1733 267 
240 1733 267 
241 1732 268 
242 1732 268 
243 1731 269 
244 1730 270 
245 1730 270 
246 1728 272 
247 1728 272 
248 1727 273 
249 1726 274 
250 1723 277 
251 1722 278 
252 1720 280 
253 1719 281 
254 1719 281 
255 1718 282 
256 1718 282 
257 1715 285 
258 1713 287 
259 1713 287 
260 1713 287 
261 1712 288 
262 1712 288 
263 1711 289 
264 1711 289 
265 1708 292 
266 1708 292 
267 1705 295 
268 1704 296 
269 1703 297 
270 1703 297 
271 1702 298 
272 1699 301 
273 1698 302 
274 1698 302 
275 1698 302 
276 1698 302 
277 1696 304 
278 1694 306 
279 1692 308 
280 1692 308 
281 1692 308 
282 1692 308 
283 1691 309 
284 1691 309 
285 1687 313 
286 1686 314 
287 1684 316 
288 1684 316 
289 1684 316 
290 1681 319 
291 1681 319 
292 1679 321 
293 1678 322 
294 1676 324 
295 1675 325 
296 1675 325 
297 1672 328 
298 1671 329 
299 1670 330 
300 1668 332 
301 1666 334 
302 1665 335 
303 1662 338 
304 1660 340 
305 1658 342 
306 1657 343 
307 1655 345 
308 1654 346 
309 1653 347 
310 1650 350 
311 1649 351 
312 1649 351 
313 1649 351 
314 1648 352 
315 1647 353 
316 1644 356 
317 1646 354 
318 1644 356 
319 1644 356 
320 1644 356 
321 1644 356 
322 1643 357 
323 1643 357 
324 1642 358 
325 1641 359 
326 1640 360 
327 1640 360 
328 1639 361 
329 1636 364 
330 1635 365 
331 1630 370 
332 1631 369 
333 1629 371 
334 1626 374 
335 1622 378 
336 1622 378 
337 1620 380 
338 1619 381 
339 1617 383 
340 1618 382 
341 1616 384 
342 1615 385 
343 1613 387 
344 1615 385 
345 1613 387 
346 1611 389 
347 1610 390 
348 1610 390 
349 1607 393 
350 1606 394 
351 1603 397 
352 1603 397 
353 1601 399 
354 1601 399 
355 1599 401 
356 1600 400 
357 1598 402 
358 1599 401 
359 1597 403 
360 1598 402 
361 1597 403 
362 1597 403 
363 1596 404 
364 1597 403 
365 1596 404 
366 1596 404 
367 1594 406 
368 1594 406 
369 1590 410 
370 1589 411 
371 1586 414 
372 1585 415 
373 1583 417 
374 1583 417 
375 1581 419 
376 1581 419 
377 1580 420 
378 1580 420 
379 1578 422 
380 1577 423 
381 1576 424 
382 1578 422 
383 1575 425 
384 1576 424 
385 1573 427 
386 1574 426 
387 1571 429 
388 1570 430 
389 1568 432 
390 1568 432 
391 1567 433 
392 1569 431 
393 1569 431 
394 1570 430 
395 1565 435 
396 1563 437 
397 1562 438 
398 1562 438 
399 1562 438 
400 1563 437 
401 1562 438 
402 1562 438 
403 1558 442 
404 1557 443 
405 1556 444 
406 1556 444 
407 1552 448 
408 1552 448 
409 1549 451 
410 1549 451 
411 1547 453 
412 1549 451 
413 1547 453 
414 1548 452 
415 1546 454 
416 1545 455 
417 1542 458 
418 1542 458 
419 1540 460 
420 1539 461 
421 1538 462 
422 1537 463 
423 1537 463 
424 1536 464 
425 1536 464 
426 1536 464 
427 1536 464 
428 1537 463 
429 1534 466 
430 1532 468 
431 1531 469 
432 1531 469 
433 1530 470 
434 1529 471 
435 1527 473 
436 1526 474 
437 1525 475 
438 1525 475 
439 1525 475 
440 1525 475 
441 1525 475 
442 1525 475 
443 1525 475 
444 1524 476 
445 1524 476 
446 1522 478 
447 1522 478 
448 1519 481 
449 1516 484 
450 1515 485 
451 1515 485 
452 1514 486 
453 1514 486 
454 1512 488 
455 1512 488 
456 1510 490 
457 1510 490 
458 1509 491 
459 1509 491 
460 1509 491 
461 1508 492 
462 1507 493 
463 1507 493 
464 1507 493 
465 1506 494 
466 1506 494 
467 1506 494 
468 1506 494 
469 1505 495 
470 1504 496 
471 1504 496 
472 1504 496 
473 1504 496 
474 1503 497 
475 1503 497 
476 1503 497 
477 1503 497 
478 1503 497 
479 1502 498 
480 1501 499 
481 1501 499 
482 1498 502 
483 1496 504 
484 1495 505 
485 1494 506 
486 1492 508 
487 1492 508 
488 1492 508 
489 1491 509 
490 1490 510 
491 1489 511 
492 1488 512 
493 1486 514 
494 1486 514 
495 1484 516 
496 1483 517 
497 1482 518 
498 1481 519 
499 1481 519 
500 1480 520 
501 1481 519 
502 1479 521 
503 1477 523 
504 1477 523 
505 1476 524 
506 1474 526 
507 1475 525 
508 1474 526 
509 1475 525 
510 1472 528 
511 1473 527 
512 1471 529 
513 1472 528 
514 1471 529 
515 1470 530 
516 1468 532 
517 1467 533 
518 1465 535 
519 1466 534 
520 1465 535 
521 1465 535 
522 1463 537 
523 1464 536 
524 1462 538 
525 1464 536 
526 1461 539 
527 1463 537 
528 1460 540 
529 1462 538 
530 1459 541 
531 1460 540 
532 1457 543 
533 1459 541 
534 1458 542 
535 1458 542 
536 1455 545 
537 1456 544 
538 1453 547 
539 1453 547 
540 1446 554 
541 1447 553 
542 1445 555 
543 1445 555 
544 1443 557 
545 1445 555 
546 1441 559 
547 1443 557 
548 1442 558 
549 1443 557 
550 1441 559 
551 1443 557 
552 1440 560 
553 1441 559 
554 1439 561 
555 1441 559 
556 1438 562 
557 1440 560 
558 1436 564 
559 1438 562 
560 1436 564 
561 1437 563 
562 1434 566 
563 1435 565 
564 1432 568 
565 1434 566 
566 1432 568 
567 1433 567 
568 1430 570 
569 1430 570 
570 1428 572 
571 1428 572 
572 1425 575 
573 1425 575 
574 1423 577 
575 1424 576 
576 1422 578 
577 1423 577 
578 1420 580 
579 1421 579 
580 1418 582 
581 1420 580 
582 1418 582 
583 1420 580 
584 1418 582 
585 1419 581 
586 1417 583 
587 1419 581 
588 1417 583 
589 1420 580 
590 1417 583 
591 1419 581 
592 1417 583 
593 1418 582 
594 1416 584 
595 1417 583 
596 1416 584 
597 1417 583 
598 1416 584 
599 1416 584 
600 1412 588 
601 1411 589 
602 1410 590 
603 1410 590 
604 1409 591 
605 1410 590 
606 1409 591 
607 1410 590 
608 1408 592 
609 1410 590 
610 1408 592 
611 1410 590 
612 1408 592 
613 1409 591 
614 1407 593 
615 1408 592 
616 1407 593 
617 1408 592 
618 1407 593 
619 1408 592 
620 1407 593 
621 1408 592 
622 1407 593 
623 1408 592 
624 1405 595 
625 1406 594 
626 1405 595 
627 1405 595 
628 1403 597 
629 1404 596 
630 1403 597 
631 1402 598 
632 1401 599 
633 1401 599 
634 1399 601 
635 1400 600 
636 1400 600 
637 1401 599 
638 1401 599 
639 1401 599 
640 1398 602 
641 1399 601 
642 1398 602 
643 1398 602 
644 1396 604 
645 1396 604 
646 1394 606 
647 1395 605 
648 1394 606 
649 1395 605 
650 1394 606 
651 1394 606 
652 1393 607 
653 1394 606 
654 1393 607 
655 1395 605 
656 1394 606 
657 1392 608 
658 1391 609 
659 1392 608 
660 1390 610 
661 1390 610 
662 1388 612 
663 1389 611 
664 1388 612 
665 1389 611 
666 1387 613 
667 1388 612 
668 1385 615 
669 1386 614 
670 1384 616 
671 1385 615 
672 1383 617 
673 1383 617 
674 1382 618 
675 1383 617 
676 1382 618 
677 1381 619 
678 1380 620 
679 1381 619 
680 1381 619 
681 1382 618 
682 1380 620 
683 1381 619 
684 1378 622 
685 1378 622 
686 1377 623 
687 1376 624 
688 1375 625 
689 1375 625 
690 1373 627 
691 1374 626 
692 1373 627 
693 1374 626 
694 1373 627 
695 1372 628 
696 1370 630 
697 1370 630 
698 1367 633 
699 1369 631 
700 1367 633 
701 1367 633 
702 1365 635 
703 1363 637 
704 1363 637 
705 1363 637 
706 1364 636 
707 1363 637 
708 1364 636 
709 1363 637 
710 1362 638 
711 1362 638 
712 1362 638 
713 1362 638 
714 1361 639 
715 1360 640 
716 1361 639 
717 1359 641 
718 1359 641 
719 1358 642 
720 1358 642 
721 1358 642 
722 1359 641 
723 1358 642 
724 1356 644 
725 1355 645 
726 1355 645 
727 1355 645 
728 1355 645 
729 1355 645 
730 1355 645 
731 1355 645 
732 1354 646 
733 1354 646 
734 1354 646 
735 1353 647 
736 1351 649 
737 1351 649 
738 1350 650 
739 1350 650 
740 1350 650 
741 1348 652 
742 1347 653 
743 1346 654 
744 1345 655 
745 1345 655 
746 1343 657 
747 1341 659 
748 1340 660 
749 1336 664 
750 1337 663 
751 1335 665 
752 1334 666 
753 1334 666 
754 1336 664 
755 1335 665 
756 1336 664 
757 1335 665 
758 1336 664 
759 1333 667 
760 1334 666 
761 1330 670 
762 1330 670 
763 1328 672 
764 1330 670 
765 1329 671 
766 1332 668 
767 1330 670 
768 1333 667 
769 1329 671 
770 1331 669 
771 1329 671 
772 1331 669 
773 1330 670 
774 1331 669 
775 1328 672 
776 1330 670 
777 1328 672 
778 1330 670 
779 1329 671 
780 1331 669 
781 1329 671 
782 1330 670 
783 1328 672 
784 1330 670 
785 1328 672 
786 1329 671 
787 1326 674 
788 1328 672 
789 1325 675 
790 1327 673 
791 1323 677 
792 1325 675 
793 1322 678 
794 1323 677 
795 1321 679 
796 1323 677 
797 1321 679 
798 1324 676 
799 1321 679 
800 1320 680 
801 1319 681 
802 1321 679 
803 1319 681 
804 1321 679 
805 1318 682 
806 1319 681 
807 1319 681 
808 1322 678 
809 1319 681 
810 1321 679 
811 1317 683 
812 1318 682 
813 1316 684 
814 1316 684 
815 1313 687 
816 1315 685 
817 1313 687 
818 1316 684 
819 1314 686 
820 1316 684 
821 1314 686 
822 1316 684 
823 1313 687 
824 1315 685 
825 1313 687 
826 1315 685 
827 1313 687 
828 1312 688 
829 1310 690 
830 1311 689 
831 1309 691 
832 1311 689 
833 1306 694 
834 1308 692 
835 1306 694 
836 1308 692 
837 1306 694 
838 1307 693 
839 1305 695 
840 1306 694 
841 1304 696 
842 1307 693 
843 1304 696 
844 1306 694 
845 1304 696 
846 1305 695 
847 1302 698 
848 1303 697 
849 1300 700 
850 1300 700 
851 1299 701 
852 1300 700 
853 1298 702 
854 1300 700 
855 1297 703 
856 1298 702 
857 1297 703 
858 1296 704 
859 1293 707 
860 1292 708 
861 1291 709 
862 1292 708 
863 1291 709 
864 1292 708 
865 1291 709 
866 1291 709 
867 1290 710 
868 1290 710 
869 1289 711 
870 1290 710 
871 1289 711 
872 1289 711 
873 1288 712 
874 1289 711 
875 1287 713 
876 1288 712 
877 1287 713 
878 1290 710 
879 1288 712 
880 1287 713 
881 1284 716 
882 1284 716 
883 1282 718 
884 1283 717 
885 1282 718 
886 1282 718 
887 1281 719 
888 1283 717 
889 1282 718 
890 1282 718 
891 1281 719 
892 1281 719 
893 1279 721 
894 1277 723 
895 1276 724 
896 1277 723 
897 1275 725 
898 1275 725 
899 1272 728 
900 1272 728 
901 1271 729 
902 1272 728 
903 1271 729 
904 1272 728 
905 1267 733 
906 1268 732 
907 1266 734 
908 1267 733 
909 1266 734 
910 1268 732 
911 1267 733 
912 1269 731 
913 1267 733 
914 1268 732 
915 1267 733 
916 1269 731 
917 1267 733 
918 1268 732 
919 1265 735 
920 1267 733 
921 1265 735 
922 1267 733 
923 1265 735 
924 1267 733 
925 1262 738 
926 1263 737 
927 1262 738 
928 1263 737 
929 1261 739 
930 1261 739 
931 1259 741 
932 1259 741 
933 1257 743 
934 1258 742 
935 1257 743 
936 1257 743 
937 1256 744 
938 1255 745 
939 1253 747 
940 1254 746 
941 1254 746 
942 1255 745 
943 1254 746 
944 1254 746 
945 1254 746 
946 1253 747 
947 1254 746 
948 1254 746 
949 1254 746 
950 1254 746 
951 1254 746 
952 1254 746 
953 1254 746 
954 1254 746 
955 1253 747 
956 1254 746 
957 1252 748 
958 1251 749 
959 1251 749 
960 1249 751 
961 1248 752 
962 1247 753 
963 1247 753 
964 1247 753 
965 1247 753 
966 1247 753 
967 1246 754 
968 1245 755 
969 1245 755 
970 1246 754 
971 1244 756 
972 1243 757 
973 1242 758 
974 1242 758 
975 1242 758 
976 1242 758 
977 1241 759 
978 1241 759 
979 1241 759 
980 1240 760 
981 1240 760 
982 1240 760 
983 1239 761 
984 1237 763 
985 1236 764 
986 1235 765 
987 1233 767 
988 1233 767 
989 1233 767 
990 1232 768 
991 1233 767 
992 1233 767 
993 1233 767 
994 1231 769 
995 1228 772 
996 1228 772 
997 1226 774 
998 1226 774 
999 1225 775 
1000 1224 776 
1001 1223 777 
1002 1221 779 
1003 1221 779 
1004 1220 780 
1005 1221 779 
1006 1221 779 
1007 1219 781 
1008 1219 781 
1009 1217 783 
1010 1217 783 
1011 1217 783 
1012 1218 782 
1013 1218 782 
1014 1217 783 
1015 1218 782 
1016 1217 783 
1017 1217 783 
1018 1216 784 
1019 1216 784 
1020 1216 784 
1021 1215 785 
1022 1216 784 
1023 1216 784 
1024 1216 784 
1025 1216 784 
1026 1214 786 
1027 1214 786 
1028 1213 787 
1029 1212 788 
1030 1214 786 
1031 1212 788 
1032 1211 789 
1033 1210 790 
1034 1211 789 
1035 1210 790 
1036 1211 789 
1037 1210 790 
1038 1209 791 
1039 1209 791 
1040 1210 790 
1041 1208 792 
1042 1209 791 
1043 1206 794 
1044 1205 795 
1045 1203 797 
1046 1204 796 
1047 1203 797 
1048 1204 796 
1049 1200 800 
1050 1201 799 
1051 1199 801 
1052 1199 801 
1053 1198 802 
1054 1199 801 
1055 1198 802 
1056 1199 801 
1057 1198 802 
1058 1199 801 
1059 1196 804 
1060 1194 806 
1061 1192 808 
1062 1196 804 
1063 1196 804 
1064 1197 803 
1065 1196 804 
1066 1197 803 
1067 1195 805 
1068 1195 805 
1069 1194 806 
1070 1196 804 
1071 1195 805 
1072 1196 804 
1073 1195 805 
1074 1197 803 
1075 1195 805 
1076 1196 804 
1077 1195 805 
1078 1196 804 
1079 1195 805 
1080 1196 804 
1081 1193 807 
1082 1194 806 
1083 1192 808 
1084 1191 809 
1085 1189 811 
1086 1189 811 
1087 1186 814 
1088 1187 813 
1089 1187 813 
1090 1186 814 
1091 1185 815 
1092 1184 816 
1093 1185 815 
1094 1184 816 
1095 1182 818 
1096 1182 818 
1097 1182 818 
1098 1184 816 
1099 1184 816 
1100 1184 816 
1101 1184 816 
1102 1183 817 
1103 1184 816 
1104 1186 814 
1105 1186 814 
1106 1187 813 
1107 1187 813 
1108 1186 814 
1109 1186 814 
1110 1186 814 
1111 1185 815 
1112 1185 815 
1113 1183 817 
1114 1183 817 
1115 1182 818 
1116 1182 818 
1117 1181 819 
1118 1182 818 
1119 1181 819 
1120 1182 818 
1121 1182 818 
1122 1182 818 
1123 1180 820 
1124 1180 820 
1125 1180 820 
1126 1180 820 
1127 1180 820 
1128 1179 821 
1129 1180 820 
1130 1180 820 
1131 1178 822 
1132 1178 822 
1133 1178 822 
1134 1178 822 
1135 1178 822 
1136 1176 824 
1137 1180 820 
1138 1180 820 
1139 1180 820 
1140 1180 820 
1141 1180 820 
1142 1179 821 
1143 1178 822 
1144 1177 823 
1145 1177 823 
1146 1177 823 
1147 1176 824 
1148 1175 825 
1149 1175 825 
1150 1175 825 
1151 1175 825 
1152 1176 824 
1153 1177 823 
1154 1177 823 
1155 1177 823 
1156 1178 822 
1157 1178 822 
1158 1179 821 
1159 1177 823 
1160 1178 822 
1161 1177 823 
1162 1177 823 
1163 1176 824 
1164 1178 822 
1165 1176 824 
1166 1177 823 
1167 1175 825 
1168 1175 825 
1169 1173 827 
1170 1174 826 
1171 1172 828 
1172 1173 827 
1173 1172 828 
1174 1174 826 
1175 1173 827 
1176 1174 826 
1177 1172 828 
1178 1173 827 
1179 1172 828 
1180 1173 827 
1181 1172 828 
1182 1172 828 
1183 1173 827 
1184 1173 827 
1185 1170 830 
1186 1171 829 
1187 1171 829 
1188 1172 828 
1189 1171 829 
1190 1172 828 
1191 1171 829 
1192 1173 827 
1193 1171 829 
1194 1172 828 
1195 1171 829 
1196 1170 830 
1197 1169 831 
1198 1169 831 
1199 1169 831 
1200 1169 831 
1201 1167 833 
1202 1167 833 
1203 1167 833 
1204 1168 832 
1205 1165 835 
1206 1165 835 
1207 1163 837 
1208 1164 836 
1209 1162 838 
1210 1163 837 
1211 1163 837 
1212 1165 835 
1213 1164 836 
1214 1164 836 
1215 1164 836 
1216 1164 836 
1217 1162 838 
1218 1164 836 
1219 1164 836 
1220 1164 836 
1221 1162 838 
1222 1163 837 
1223 1160 840 
1224 1161 839 
1225 1160 840 
1226 1160 840 
1227 1158 842 
1228 1159 841 
1229 1158 842 
1230 1159 841 
1231 1159 841 
1232 1159 841 
1233 1158 842 
1234 1159 841 
1235 1157 843 
1236 1157 843 
1237 1156 844 
1238 1155 845 
1239 1154 846 
1240 1156 844 
1241 1155 845 
1242 1155 845 
1243 1154 846 
1244 1156 844 
1245 1156 844 
1246 1157 843 
1247 1157 843 
1248 1157 843 
1249 1156 844 
1250 1157 843 
1251 1156 844 
1252 1155 845 
1253 1156 844 
1254 1156 844 
1255 1155 845 
1256 1155 845 
1257 1154 846 
1258 1156 844 
1259 1154 846 
1260 1155 845 
1261 1154 846 
1262 1154 846 
1263 1155 845 
1264 1155 845 
1265 1153 847 
1266 1151 849 
1267 1150 850 
1268 1151 849 
1269 1151 849 
1270 1151 849 
1271 1151 849 
1272 1152 848 
1273 1151 849 
1274 1151 849 
1275 1151 849 
1276 1151 849 
1277 1151 849 
1278 1151 849 
1279 1150 850 
1280 1150 850 
1281 1149 851 
1282 1150 850 
1283 1151 849 
1284 1151 849 
1285 1151 849 
1286 1150 850 
1287 1150 850 
1288 1151 849 
1289 1153 847 
1290 1153 847 
1291 1151 849 
1292 1151 849 
1293 1147 853 
1294 1147 853 
1295 1145 855 
1296 1143 857 
1297 1144 856 
1298 1143 857 
1299 1142 858 
1300 1143 857 
1301 1142 858 
1302 1143 857 
1303 1143 857 
1304 1144 856 
1305 1143 857 
1306 1145 855 
1307 1144 856 
1308 1144 856 
1309 1142 858 
1310 1141 859 
1311 1138 862 
1312 1140 860 
1313 1140 860 
1314 1139 861 
1315 1138 862 
1316 1140 860 
1317 1140 860 
1318 1140 860 
1319 1141 859 
1320 1140 860 
1321 1139 861 
1322 1138 862 
1323 1136 864 
1324 1138 862 
1325 1139 861 
1326 1140 860 
1327 1140 860 
1328 1141 859 
1329 1142 858 
1330 1142 858 
1331 1141 859 
1332 1142 858 
1333 1143 857 
1334 1141 859 
1335 1142 858 
1336 1140 860 
1337 1141 859 
1338 1140 860 
1339 1140 860 
1340 1139 861 
1341 1140 860 
1342 1139 861 
1343 1140 860 
1344 1139 861 
1345 1141 859 
1346 1140 860 
1347 1141 859 
1348 1140 860 
1349 1140 860 
1350 1138 862 
1351 1138 862 
1352 1135 865 
1353 1136 864 
1354 1135 865 
1355 1135 865 
1356 1134 866 
1357 1136 864 
1358 1136 864 
1359 1136 864 
1360 1135 865 
1361 1133 867 
1362 1132 868 
1363 1132 868 
1364 1130 870 
1365 1131 869 
1366 1131 869 
1367 1132 868 
1368 1129 871 
1369 1127 873 
1370 1126 874 
1371 1126 874 
1372 1125 875 
1373 1125 875 
1374 1123 877 
1375 1123 877 
1376 1122 878 
1377 1124 876 
1378 1123 877 
1379 1124 876 
1380 1125 875 
1381 1126 874 
1382 1125 875 
1383 1125 875 
1384 1124 876 
1385 1124 876 
1386 1122 878 
1387 1124 876 
1388 1122 878 
1389 1125 875 
1390 1123 877 
1391 1125 875 
1392 1122 878 
1393 1124 876 
1394 1123 877 
1395 1125 875 
1396 1123 877 
1397 1123 877 
1398 1120 880 
1399 1123 877 
1400 1121 879 
1401 1123 877 
1402 1120 880 
1403 1122 878 
1404 1121 879 
1405 1124 876 
1406 1122 878 
1407 1123 877 
1408 1122 878 
1409 1123 877 
1410 1121 879 
1411 1123 877 
1412 1120 880 
1413 1122 878 
1414 1121 879 
1415 1123 877 
1416 1121 879 
1417 1123 877 
1418 1123 877 
1419 1126 874 
1420 1124 876 
1421 1126 874 
1422 1124 876 
1423 1127 873 
1424 1124 876 
1425 1125 875 
1426 1123 877 
1427 1124 876 
1428 1121 879 
1429 1123 877 
1430 1120 880 
1431 1121 879 
1432 1120 880 
1433 1121 879 
1434 1119 881 
1435 1120 880 
1436 1116 884 
1437 1119 881 
1438 1118 882 
1439 1120 880 
1440 1118 882 
1441 1120 880 
1442 1118 882 
1443 1121 879 
1444 1119 881 
1445 1121 879 
1446 1118 882 
1447 1118 882 
1448 1118 882 
1449 1116 884 
1450 1114 886 
1451 1114 886 
1452 1114 886 
1453 1113 887 
1454 1112 888 
1455 1112 888 
1456 1111 889 
1457 1109 891 
1458 1107 893 
1459 1108 892 
1460 1107 893 
1461 1106 894 
1462 1106 894 
1463 1106 894 
1464 1107 893 
1465 1105 895 
1466 1105 895 
1467 1104 896 
1468 1105 895 
1469 1105 895 
1470 1104 896 
1471 1104 896 
1472 1104 896 
1473 1104 896 
1474 1104 896 
1475 1106 894 
1476 1104 896 
1477 1106 894 
1478 1105 895 
1479 1107 893 
1480 1105 895 
1481 1106 894 
1482 1106 894 
1483 1108 892 
1484 1108 892 
1485 1108 892 
1486 1108 892 
1487 1109 891 
1488 1108 892 
1489 1108 892 
1490 1106 894 
1491 1107 893 
1492 1105 895 
1493 1105 895 
1494 1104 896 
1495 1105 895 
1496 1105 895 
1497 1106 894 
1498 1106 894 
1499 1109 891 
1500 1109 891 
1501 1109 891 
1502 1109 891 
1503 1109 891 
1504 1109 891 
1505 1109 891 
1506 1109 891 
1507 1108 892 
1508 1108 892 
1509 1108 892 
1510 1107 893 
1511 1106 894 
1512 1106 894 
1513 1105 895 
1514 1106 894 
1515 1105 895 
1516 1105 895 
1517 1106 894 
1518 1106 894 
1519 1105 895 
1520 1106 894 
1521 1107 893 
1522 1107 893 
1523 1108 892 
1524 1108 892 
1525 1108 892 
1526 1110 890 
1527 1111 889 
1528 1111 889 
1529 1110 890 
1530 1109 891 
1531 1110 890 
1532 1109 891 
1533 1109 891 
1534 1109 891 
1535 1109 891 
1536 1110 890 
1537 1111 889 
1538 1111 889 
1539 1111 889 
1540 1111 889 
1541 1110 890 
1542 1111 889 
1543 1112 888 
1544 1111 889 
1545 1111 889 
1546 1110 890 
1547 1110 890 
1548 1110 890 
1549 1110 890 
1550 1110 890 
1551 1112 888 
1552 1114 886 
1553 1114 886 
1554 1114 886 
1555 1114 886 
1556 1113 887 
1557 1113 887 
1558 1112 888 
1559 1112 888 
1560 1111 889 
1561 1112 888 
1562 1112 888 
1563 1112 888 
1564 1112 888 
1565 1110 890 
1566 1110 890 
1567 1108 892 
1568 1108 892 
1569 1108 892 
1570 1109 891 
1571 1107 893 
1572 1108 892 
1573 1106 894 
1574 1106 894 
1575 1105 895 
1576 1106 894 
1577 1105 895 
1578 1104 896 
1579 1103 897 
1580 1104 896 
1581 1103 897 
1582 1105 895 
1583 1104 896 
1584 1104 896 
1585 1104 896 
1586 1105 895 
1587 1102 898 
1588 1102 898 
1589 1100 900 
1590 1102 898 
1591 1101 899 
1592 1102 898 
1593 1101 899 
1594 1098 902 
1595 1096 904 
1596 1096 904 
1597 1096 904 
1598 1097 903 
1599 1097 903 
1600 1097 903 
1601 1096 904 
1602 1097 903 
1603 1096 904 
