0 5000 0 
1 4995 5 
2 4994 6 
3 4992 8 
4 4988 12 
5 4985 15 
6 4980 20 
7 4970 30 
8 4964 36 
9 4959 41 
10 4956 44 
11 4950 50 
12 4942 58 
13 4934 66 
14 4930 70 
15 4927 73 
16 4923 77 
17 4917 83 
18 4911 89 
19 4908 92 
20 4904 96 
21 4900 100 
22 4898 102 
23 4894 106 
24 4888 112 
25 4880 120 
26 4874 126 
27 4868 132 
28 4863 137 
29 4858 142 
30 4850 150 
31 4843 157 
32 4840 160 
33 4834 166 
34 4828 172 
35 4825 175 
36 4822 178 
37 4814 186 
38 4807 193 
39 4805 195 
40 4803 197 
41 4801 199 
42 4797 203 
43 4792 208 
44 4787 213 
45 4780 220 
46 4775 225 
47 4773 227 
48 4774 226 
49 4769 231 
50 4764 236 
51 4757 243 
52 4753 247 
53 4748 252 
54 4742 258 
55 4737 263 
56 4735 265 
57 4730 270 
58 4726 274 
59 4722 278 
60 4711 289 
61 4708 292 
62 4700 300 
63 4695 305 
64 4692 308 
65 4688 312 
66 4684 316 
67 4683 317 
68 4679 321 
69 4674 326 
70 4673 327 
71 4666 334 
72 4658 342 
73 4650 350 
74 4647 353 
75 4640 360 
76 4640 360 
77 4632 368 
78 4632 368 
79 4617 383 
80 4614 386 
81 4602 398 
82 4599 401 
83 4592 408 
84 4586 414 
85 4577 423 
86 4576 424 
87 4568 432 
88 4567 433 
89 4557 443 
90 4551 449 
91 4545 455 
92 4539 461 
93 4529 471 
94 4522 478 
95 4516 484 
96 4515 485 
97 4506 494 
98 4504 496 
99 4496 504 
100 4494 506 
101 4486 514 
102 4484 516 
103 4474 526 
104 4472 528 
105 4465 535 
106 4461 539 
107 4451 549 
108 4453 547 
109 4446 554 
110 4447 553 
111 4439 561 
112 4434 566 
113 4425 575 
114 4424 576 
115 4412 588 
116 4409 591 
117 4400 600 
118 4401 599 
119 4391 609 
120 4388 612 
121 4374 626 
122 4373 627 
123 4358 642 
124 4352 648 
125 4343 657 
126 4344 656 
127 4330 670 
128 4327 673 
129 4318 682 
130 4312 688 
131 4305 695 
132 4304 696 
133 4292 708 
134 4288 712 
135 4280 720 
136 4281 719 
137 4269 731 
138 4266 734 
139 4256 744 
140 4252 748 
141 4246 754 
142 4245 755 
143 4237 763 
144 4232 768 
145 4228 772 
146 4224 776 
147 4214 786 
148 4208 792 
149 4201 799 
150 4197 803 
151 4191 809 
152 4180 820 
153 4174 826 
154 4169 831 
155 4159 841 
156 4155 845 
157 4144 856 
158 4138 862 
159 4133 867 
160 4130 870 
161 4126 874 
162 4122 878 
163 4119 881 
164 4115 885 
165 4107 893 
166 4101 899 
167 4095 905 
168 4083 917 
169 4076 924 
170 4069 931 
171 4061 939 
172 4052 948 
173 4043 957 
174 4034 966 
175 4031 969 
176 4024 976 
177 4020 980 
178 4014 986 
179 4005 995 
180 4000 1000 
181 3990 1010 
182 3984 1016 
183 3981 1019 
184 3965 1035 
185 3960 1040 
186 3951 1049 
187 3944 1056 
188 3941 1059 
189 3936 1064 
190 3928 1072 
191 3922 1078 
192 3914 1086 
193 3909 1091 
194 3902 1098 
195 3895 1105 
196 3886 1114 
197 3882 1118 
198 3874 1126 
199 3871 1129 
200 3863 1137 
201 3858 1142 
202 3854 1146 
203 3848 1152 
204 3835 1165 
205 3829 1171 
206 3822 1178 
207 3816 1184 
208 3815 1185 
209 3801 1199 
210 3793 1207 
211 3781 1219 
212 3779 1221 
213 3771 1229 
214 3761 1239 
215 3756 1244 
216 3747 1253 
217 3743 1257 
218 3737 1263 
219 3731 1269 
220 3723 1277 
221 3714 1286 
222 3711 1289 
223 3703 1297 
224 3694 1306 
225 3685 1315 
226 3678 1322 
227 3673 1327 
228 3667 1333 
229 3663 1337 
230 3653 1347 
231 3652 1348 
232 3643 1357 
233 3640 1360 
234 3630 1370 
235 3631 1369 
236 3619 1381 
237 3620 1380 
238 3610 1390 
239 3612 1388 
240 3600 1400 
241 3599 1401 
242 3588 1412 
243 3588 1412 
244 3576 1424 
245 3577 1423 
246 3569 1431 
247 3569 1431 
248 3560 1440 
249 3561 1439 
250 3548 1452 
251 3545 1455 
252 3534 1466 
253 3534 1466 
254 3523 1477 
255 3518 1482 
256 3511 1489 
257 3508 1492 
258 3497 1503 
259 3497 1503 
260 3488 1512 
261 3486 1514 
262 3470 1530 
263 3468 1532 
264 3456 1544 
265 3455 1545 
266 3442 1558 
267 3444 1556 
268 3434 1566 
269 3433 1567 
270 3417 1583 
271 3417 1583 
272 3408 1592 
273 3407 1593 
274 3396 1604 
275 3400 1600 
276 3384 1616 
277 3388 1612 
278 3374 1626 
279 3377 1623 
280 3365 1635 
281 3362 1638 
282 3351 1649 
283 3353 1647 
284 3342 1658 
285 3344 1656 
286 3329 1671 
287 3332 1668 
288 3320 1680 
289 3324 1676 
290 3309 1691 
291 3312 1688 
292 3303 1697 
293 3302 1698 
294 3293 1707 
295 3293 1707 
296 3286 1714 
297 3283 1717 
298 3272 1728 
299 3274 1726 
300 3263 1737 
301 3262 1738 
302 3255 1745 
303 3254 1746 
304 3248 1752 
305 3247 1753 
306 3235 1765 
307 3236 1764 
308 3223 1777 
309 3221 1779 
310 3213 1787 
311 3210 1790 
312 3202 1798 
313 3199 1801 
314 3189 1811 
315 3188 1812 
316 3180 1820 
317 3178 1822 
318 3170 1830 
319 3167 1833 
320 3158 1842 
321 3158 1842 
322 3153 1847 
323 3151 1849 
324 3143 1857 
325 3140 1860 
326 3134 1866 
327 3132 1868 
328 3126 1874 
329 3127 1873 
330 3119 1881 
331 3116 1884 
332 3108 1892 
333 3107 1893 
334 3098 1902 
335 3099 1901 
336 3095 1905 
337 3096 1904 
338 3089 1911 
339 3085 1915 
340 3079 1921 
341 3075 1925 
342 3072 1928 
343 3067 1933 
344 3058 1942 
345 3055 1945 
346 3051 1949 
347 3048 1952 
348 3040 1960 
349 3039 1961 
350 3032 1968 
351 3025 1975 
352 3019 1981 
353 3017 1983 
354 3012 1988 
355 3008 1992 
356 2998 2002 
357 2993 2007 
358 2982 2018 
359 2978 2022 
360 2971 2029 
361 2970 2030 
362 2965 2035 
363 2957 2043 
364 2950 2050 
365 2946 2054 
366 2939 2061 
367 2936 2064 
368 2926 2074 
369 2928 2072 
370 2920 2080 
371 2921 2079 
372 2912 2088 
373 2907 2093 
374 2900 2100 
375 2898 2102 
376 2893 2107 
377 2893 2107 
378 2886 2114 
379 2882 2118 
380 2876 2124 
381 2874 2126 
382 2870 2130 
383 2869 2131 
384 2862 2138 
385 2860 2140 
386 2852 2148 
387 2854 2146 
388 2852 2148 
389 2850 2150 
390 2847 2153 
391 2840 2160 
392 2835 2165 
393 2831 2169 
394 2828 2172 
395 2829 2171 
396 2830 2170 
397 2830 2170 
398 2827 2173 
399 2826 2174 
400 2823 2177 
401 2821 2179 
402 2815 2185 
403 2812 2188 
404 2807 2193 
405 2801 2199 
406 2801 2199 
407 2797 2203 
408 2793 2207 
409 2792 2208 
410 2788 2212 
411 2786 2214 
412 2784 2216 
413 2781 2219 
414 2774 2226 
415 2770 2230 
416 2769 2231 
417 2767 2233 
418 2767 2233 
419 2767 2233 
420 2766 2234 
421 2765 2235 
422 2760 2240 
423 2757 2243 
424 2754 2246 
425 2751 2249 
426 2746 2254 
427 2745 2255 
428 2744 2256 
429 2743 2257 
430 2741 2259 
431 2735 2265 
432 2732 2268 
433 2726 2274 
434 2727 2273 
435 2721 2279 
