0 2000 0 
1 1999 1 
2 2000 0 
3 2000 0 
4 2000 0 
5 2000 0 
6 2000 0 
7 1999 1 
8 1998 2 
9 1998 2 
10 1995 5 
11 1995 5 
12 1994 6 
13 1993 7 
14 1993 7 
15 1993 7 
16 1992 8 
17 1992 8 
18 1991 9 
19 1991 9 
20 1990 10 
21 1990 10 
22 1989 11 
23 1988 12 
24 1987 13 
25 1985 15 
26 1985 15 
27 1983 17 
28 1983 17 
29 1983 17 
30 1981 19 
31 1980 20 
32 1979 21 
33 1978 22 
34 1974 26 
35 1974 26 
36 1974 26 
37 1973 27 
38 1972 28 
39 1969 31 
40 1966 34 
41 1964 36 
42 1963 37 
43 1962 38 
44 1959 41 
45 1958 42 
46 1958 42 
47 1958 42 
48 1958 42 
49 1957 43 
50 1957 43 
51 1956 44 
52 1956 44 
53 1954 46 
54 1952 48 
55 1951 49 
56 1951 49 
57 1950 50 
58 1950 50 
59 1949 51 
60 1949 51 
61 1947 53 
62 1946 54 
63 1944 56 
64 1943 57 
65 1942 58 
66 1941 59 
67 1939 61 
68 1939 61 
69 1939 61 
70 1938 62 
71 1936 64 
72 1933 67 
73 1933 67 
74 1932 68 
75 1931 69 
76 1929 71 
77 1929 71 
78 1929 71 
79 1926 74 
80 1926 74 
81 1925 75 
82 1923 77 
83 1922 78 
84 1920 80 
85 1919 81 
86 1918 82 
87 1915 85 
88 1915 85 
89 1914 86 
90 1914 86 
91 1913 87 
92 1912 88 
93 1911 89 
94 1911 89 
95 1910 90 
96 1908 92 
97 1907 93 
98 1906 94 
99 1905 95 
100 1904 96 
101 1903 97 
102 1903 97 
103 1902 98 
104 1901 99 
105 1900 100 
106 1900 100 
107 1896 104 
108 1896 104 
109 1896 104 
110 1892 108 
111 1891 109 
112 1889 111 
113 1887 113 
114 1887 113 
115 1886 114 
116 1884 116 
117 1883 117 
118 1883 117 
119 1882 118 
120 1881 119 
121 1879 121 
122 1878 122 
123 1875 125 
124 1874 126 
125 1873 127 
126 1871 129 
127 1869 131 
128 1869 131 
129 1869 131 
130 1868 132 
131 1866 134 
132 1866 134 
133 1865 135 
134 1863 137 
135 1862 138 
136 1861 139 
137 1861 139 
138 1861 139 
139 1858 142 
140 1858 142 
141 1856 144 
142 1856 144 
143 1856 144 
144 1855 145 
145 1853 147 
146 1852 148 
147 1851 149 
148 1848 152 
149 1848 152 
150 1845 155 
151 1842 158 
152 1842 158 
153 1841 159 
154 1840 160 
155 1838 162 
156 1838 162 
157 1838 162 
158 1836 164 
159 1834 166 
160 1834 166 
161 1830 170 
162 1829 171 
163 1826 174 
164 1826 174 
165 1824 176 
166 1824 176 
167 1822 178 
168 1821 179 
169 1820 180 
170 1819 181 
171 1817 183 
172 1816 184 
173 1815 185 
174 1812 188 
175 1812 188 
176 1812 188 
177 1811 189 
178 1809 191 
179 1809 191 
180 1807 193 
181 1804 196 
182 1802 198 
183 1802 198 
184 1801 199 
185 1801 199 
186 1801 199 
187 1800 200 
188 1798 202 
189 1798 202 
190 1798 202 
191 1796 204 
192 1796 204 
193 1796 204 
194 1793 207 
195 1793 207 
196 1789 211 
197 1788 212 
198 1786 214 
199 1784 216 
200 1783 217 
201 1781 219 
202 1780 220 
203 1779 221 
204 1778 222 
205 1777 223 
206 1776 224 
207 1776 224 
208 1775 225 
209 1774 226 
210 1774 226 
211 1774 226 
212 1773 227 
213 1770 230 
214 1769 231 
215 1768 232 
216 1764 236 
217 1762 238 
218 1760 240 
219 1760 240 
220 1758 242 
221 1756 244 
222 1753 247 
223 1753 247 
224 1753 247 
225 1752 248 
226 1750 250 
227 1749 251 
228 1748 252 
229 1747 253 
230 1744 256 
231 1743 257 
232 1741 259 
233 1739 261 
234 1738 262 
235 1737 263 
236 1735 265 
237 1735 265 
238 1735 265 
239 1735 265 
240 1732 268 
241 1730 270 
242 1729 271 
243 1726 274 
244 1725 275 
245 1722 278 
246 1720 280 
247 1720 280 
248 1716 284 
249 1716 284 
250 1713 287 
251 1711 289 
252 1710 290 
253 1709 291 
254 1708 292 
255 1707 293 
256 1706 294 
257 1705 295 
258 1705 295 
259 1705 295 
260 1705 295 
261 1703 297 
262 1701 299 
263 1699 301 
264 1695 305 
265 1694 306 
266 1694 306 
267 1692 308 
268 1692 308 
269 1691 309 
270 1691 309 
271 1690 310 
272 1687 313 
273 1684 316 
274 1684 316 
275 1683 317 
276 1683 317 
277 1683 317 
278 1683 317 
279 1682 318 
280 1681 319 
281 1680 320 
282 1680 320 
283 1676 324 
284 1673 327 
285 1673 327 
286 1673 327 
287 1672 328 
288 1672 328 
289 1671 329 
290 1670 330 
291 1670 330 
292 1669 331 
293 1668 332 
294 1667 333 
295 1667 333 
296 1667 333 
297 1665 335 
298 1661 339 
299 1661 339 
300 1660 340 
301 1659 341 
302 1657 343 
303 1654 346 
304 1654 346 
305 1654 346 
306 1652 348 
307 1651 349 
308 1650 350 
309 1650 350 
310 1650 350 
311 1650 350 
312 1650 350 
313 1647 353 
314 1647 353 
315 1645 355 
316 1643 357 
317 1640 360 
318 1638 362 
319 1638 362 
320 1636 364 
321 1634 366 
322 1633 367 
323 1632 368 
324 1630 370 
325 1629 371 
326 1628 372 
327 1628 372 
328 1624 376 
329 1623 377 
330 1621 379 
331 1619 381 
332 1619 381 
333 1618 382 
334 1618 382 
335 1617 383 
336 1617 383 
337 1616 384 
338 1615 385 
339 1615 385 
340 1614 386 
341 1611 389 
342 1611 389 
343 1611 389 
344 1610 390 
345 1608 392 
346 1607 393 
347 1606 394 
348 1605 395 
349 1604 396 
350 1603 397 
351 1602 398 
352 1602 398 
353 1601 399 
354 1600 400 
355 1598 402 
356 1597 403 
357 1596 404 
358 1596 404 
359 1595 405 
360 1595 405 
361 1593 407 
362 1591 409 
363 1590 410 
364 1589 411 
365 1589 411 
366 1590 410 
367 1587 413 
368 1588 412 
369 1586 414 
370 1587 413 
371 1584 416 
372 1585 415 
373 1583 417 
374 1584 416 
375 1580 420 
376 1581 419 
377 1580 420 
378 1581 419 
379 1580 420 
380 1579 421 
381 1575 425 
382 1576 424 
383 1575 425 
384 1576 424 
385 1575 425 
386 1576 424 
387 1573 427 
388 1574 426 
389 1571 429 
390 1571 429 
391 1569 431 
392 1568 432 
393 1566 434 
394 1567 433 
395 1564 436 
396 1562 438 
397 1560 440 
398 1559 441 
399 1557 443 
400 1558 442 
401 1556 444 
402 1557 443 
403 1554 446 
404 1553 447 
405 1552 448 
406 1553 447 
407 1553 447 
408 1553 447 
409 1552 448 
410 1553 447 
411 1550 450 
412 1550 450 
413 1546 454 
414 1545 455 
415 1542 458 
416 1543 457 
417 1538 462 
418 1539 461 
419 1537 463 
420 1538 462 
421 1536 464 
422 1535 465 
423 1533 467 
424 1534 466 
425 1532 468 
426 1532 468 
427 1531 469 
428 1529 471 
429 1527 473 
430 1524 476 
431 1521 479 
432 1521 479 
433 1521 479 
434 1520 480 
435 1520 480 
436 1520 480 
437 1520 480 
438 1519 481 
439 1517 483 
440 1516 484 
441 1516 484 
442 1515 485 
443 1515 485 
444 1514 486 
445 1512 488 
446 1513 487 
447 1512 488 
448 1512 488 
449 1511 489 
450 1512 488 
451 1510 490 
452 1511 489 
453 1509 491 
454 1508 492 
455 1503 497 
456 1502 498 
457 1501 499 
458 1501 499 
459 1499 501 
460 1497 503 
461 1494 506 
462 1495 505 
463 1494 506 
464 1495 505 
465 1493 507 
466 1493 507 
467 1491 509 
468 1491 509 
469 1488 512 
470 1487 513 
471 1486 514 
472 1486 514 
473 1484 516 
474 1486 514 
475 1483 517 
476 1484 516 
477 1481 519 
478 1481 519 
479 1478 522 
480 1479 521 
481 1476 524 
482 1477 523 
483 1474 526 
484 1475 525 
485 1474 526 
486 1475 525 
487 1473 527 
488 1473 527 
489 1471 529 
490 1471 529 
491 1470 530 
492 1471 529 
493 1467 533 
494 1468 532 
495 1467 533 
496 1465 535 
497 1462 538 
498 1463 537 
499 1462 538 
500 1461 539 
501 1459 541 
502 1460 540 
503 1457 543 
504 1459 541 
505 1457 543 
506 1458 542 
507 1457 543 
508 1456 544 
509 1454 546 
510 1455 545 
511 1455 545 
512 1455 545 
513 1453 547 
514 1454 546 
515 1452 548 
516 1453 547 
517 1452 548 
518 1451 549 
519 1450 550 
520 1451 549 
521 1449 551 
522 1449 551 
523 1448 552 
524 1448 552 
525 1447 553 
526 1446 554 
527 1443 557 
528 1441 559 
529 1439 561 
530 1438 562 
531 1438 562 
532 1437 563 
533 1437 563 
534 1436 564 
535 1436 564 
536 1436 564 
537 1436 564 
538 1436 564 
539 1436 564 
540 1436 564 
541 1435 565 
542 1434 566 
543 1433 567 
544 1432 568 
545 1432 568 
546 1431 569 
547 1430 570 
548 1428 572 
549 1426 574 
550 1424 576 
551 1423 577 
552 1422 578 
553 1422 578 
554 1421 579 
555 1421 579 
556 1419 581 
557 1419 581 
558 1419 581 
559 1419 581 
560 1419 581 
561 1417 583 
562 1417 583 
563 1417 583 
564 1416 584 
565 1415 585 
566 1411 589 
567 1410 590 
568 1410 590 
569 1409 591 
570 1409 591 
571 1409 591 
572 1407 593 
573 1406 594 
574 1405 595 
575 1404 596 
576 1404 596 
577 1403 597 
578 1403 597 
579 1403 597 
580 1402 598 
581 1402 598 
582 1402 598 
583 1402 598 
584 1401 599 
585 1399 601 
586 1399 601 
587 1395 605 
588 1393 607 
589 1392 608 
590 1392 608 
591 1391 609 
592 1390 610 
593 1390 610 
594 1390 610 
595 1390 610 
596 1390 610 
597 1387 613 
598 1388 612 
599 1388 612 
600 1387 613 
601 1387 613 
602 1387 613 
603 1387 613 
604 1384 616 
605 1382 618 
606 1381 619 
607 1379 621 
608 1380 620 
609 1379 621 
610 1380 620 
611 1375 625 
612 1377 623 
613 1376 624 
614 1376 624 
615 1373 627 
616 1374 626 
617 1372 628 
618 1372 628 
619 1371 629 
620 1370 630 
621 1369 631 
622 1368 632 
623 1367 633 
624 1365 635 
625 1364 636 
626 1364 636 
627 1364 636 
628 1362 638 
629 1361 639 
630 1362 638 
631 1361 639 
632 1361 639 
633 1361 639 
634 1360 640 
635 1358 642 
636 1358 642 
637 1356 644 
638 1355 645 
639 1355 645 
640 1355 645 
641 1355 645 
642 1356 644 
643 1356 644 
644 1355 645 
645 1355 645 
646 1351 649 
647 1350 650 
648 1347 653 
649 1344 656 
650 1343 657 
651 1343 657 
652 1342 658 
653 1341 659 
654 1341 659 
655 1340 660 
656 1339 661 
657 1338 662 
658 1337 663 
659 1337 663 
660 1337 663 
661 1337 663 
662 1336 664 
663 1336 664 
664 1335 665 
665 1334 666 
666 1334 666 
667 1334 666 
668 1334 666 
669 1331 669 
670 1332 668 
671 1331 669 
672 1331 669 
673 1330 670 
674 1330 670 
675 1328 672 
676 1331 669 
677 1330 670 
678 1330 670 
679 1328 672 
680 1329 671 
681 1328 672 
682 1329 671 
683 1328 672 
684 1329 671 
685 1328 672 
686 1328 672 
687 1325 675 
688 1326 674 
689 1325 675 
690 1325 675 
691 1324 676 
692 1325 675 
693 1323 677 
694 1323 677 
695 1321 679 
696 1321 679 
697 1320 680 
698 1319 681 
699 1315 685 
700 1314 686 
701 1314 686 
702 1315 685 
703 1314 686 
704 1314 686 
705 1313 687 
706 1314 686 
707 1310 690 
708 1310 690 
709 1310 690 
710 1311 689 
711 1310 690 
712 1310 690 
713 1308 692 
714 1309 691 
715 1309 691 
716 1308 692 
717 1306 694 
718 1307 693 
719 1306 694 
720 1308 692 
721 1308 692 
722 1310 690 
723 1310 690 
724 1311 689 
725 1309 691 
726 1310 690 
727 1308 692 
728 1307 693 
729 1305 695 
730 1306 694 
731 1306 694 
732 1306 694 
733 1303 697 
734 1304 696 
735 1302 698 
736 1303 697 
737 1301 699 
738 1302 698 
739 1301 699 
740 1302 698 
741 1299 701 
742 1296 704 
743 1294 706 
744 1296 704 
745 1294 706 
746 1296 704 
747 1297 703 
748 1298 702 
749 1297 703 
750 1297 703 
751 1298 702 
752 1297 703 
753 1296 704 
754 1297 703 
755 1295 705 
756 1293 707 
757 1292 708 
758 1292 708 
759 1291 709 
760 1290 710 
761 1289 711 
762 1288 712 
763 1287 713 
764 1285 715 
765 1286 714 
766 1286 714 
767 1285 715 
768 1285 715 
769 1285 715 
770 1284 716 
771 1282 718 
772 1282 718 
773 1277 723 
774 1278 722 
775 1276 724 
776 1277 723 
777 1277 723 
778 1276 724 
779 1276 724 
780 1276 724 
781 1273 727 
782 1272 728 
783 1270 730 
784 1271 729 
785 1268 732 
786 1269 731 
787 1269 731 
788 1269 731 
789 1268 732 
790 1267 733 
791 1265 735 
792 1263 737 
793 1263 737 
794 1263 737 
795 1261 739 
796 1261 739 
797 1261 739 
798 1263 737 
799 1259 741 
800 1260 740 
801 1258 742 
802 1258 742 
803 1255 745 
804 1256 744 
805 1254 746 
806 1255 745 
807 1250 750 
808 1251 749 
809 1250 750 
810 1251 749 
811 1250 750 
812 1250 750 
813 1250 750 
814 1251 749 
815 1250 750 
816 1251 749 
817 1250 750 
818 1250 750 
819 1249 751 
820 1250 750 
821 1249 751 
822 1248 752 
823 1247 753 
824 1247 753 
825 1246 754 
826 1249 751 
827 1250 750 
828 1251 749 
829 1249 751 
830 1249 751 
831 1247 753 
832 1248 752 
833 1247 753 
834 1248 752 
835 1247 753 
836 1247 753 
837 1246 754 
838 1249 751 
839 1246 754 
840 1248 752 
841 1245 755 
842 1247 753 
843 1245 755 
844 1247 753 
845 1245 755 
846 1245 755 
847 1244 756 
848 1244 756 
849 1242 758 
850 1242 758 
851 1242 758 
852 1242 758 
853 1240 760 
854 1242 758 
855 1241 759 
856 1241 759 
857 1240 760 
858 1240 760 
859 1240 760 
860 1239 761 
861 1237 763 
862 1237 763 
863 1236 764 
864 1237 763 
865 1237 763 
866 1238 762 
867 1238 762 
868 1238 762 
869 1239 761 
870 1238 762 
871 1237 763 
872 1237 763 
873 1238 762 
874 1237 763 
875 1236 764 
876 1237 763 
877 1237 763 
878 1237 763 
879 1236 764 
880 1235 765 
881 1235 765 
882 1234 766 
883 1234 766 
884 1234 766 
885 1233 767 
886 1234 766 
887 1233 767 
888 1233 767 
889 1233 767 
890 1232 768 
891 1232 768 
892 1232 768 
893 1232 768 
894 1232 768 
895 1232 768 
896 1232 768 
897 1231 769 
898 1231 769 
899 1231 769 
900 1230 770 
901 1230 770 
902 1229 771 
903 1228 772 
904 1229 771 
905 1228 772 
906 1228 772 
907 1227 773 
908 1228 772 
909 1228 772 
910 1230 770 
911 1229 771 
912 1230 770 
913 1228 772 
914 1229 771 
915 1229 771 
916 1230 770 
917 1230 770 
918 1229 771 
919 1228 772 
920 1229 771 
921 1229 771 
922 1227 773 
923 1226 774 
924 1226 774 
925 1225 775 
926 1225 775 
927 1224 776 
928 1225 775 
929 1222 778 
930 1223 777 
931 1222 778 
932 1223 777 
933 1219 781 
934 1220 780 
935 1218 782 
936 1221 779 
937 1220 780 
938 1222 778 
939 1220 780 
940 1221 779 
941 1220 780 
942 1223 777 
943 1221 779 
944 1222 778 
945 1220 780 
946 1220 780 
947 1219 781 
948 1220 780 
949 1219 781 
950 1219 781 
951 1219 781 
952 1219 781 
953 1217 783 
954 1217 783 
955 1215 785 
956 1214 786 
957 1212 788 
958 1213 787 
959 1213 787 
960 1214 786 
961 1211 789 
962 1212 788 
963 1209 791 
964 1209 791 
965 1208 792 
966 1209 791 
967 1208 792 
968 1207 793 
969 1204 796 
970 1204 796 
971 1203 797 
972 1205 795 
973 1205 795 
974 1206 794 
975 1204 796 
976 1205 795 
977 1203 797 
978 1205 795 
979 1204 796 
980 1204 796 
981 1203 797 
982 1202 798 
983 1201 799 
984 1202 798 
985 1201 799 
986 1202 798 
987 1202 798 
988 1202 798 
989 1201 799 
990 1202 798 
991 1199 801 
992 1199 801 
993 1197 803 
994 1198 802 
995 1197 803 
996 1196 804 
997 1196 804 
998 1196 804 
999 1195 805 
1000 1196 804 
1001 1195 805 
1002 1192 808 
1003 1190 810 
1004 1191 809 
1005 1190 810 
1006 1192 808 
1007 1191 809 
1008 1192 808 
1009 1192 808 
1010 1193 807 
1011 1191 809 
1012 1191 809 
1013 1190 810 
1014 1190 810 
1015 1189 811 
1016 1189 811 
1017 1189 811 
1018 1188 812 
1019 1188 812 
1020 1188 812 
1021 1188 812 
1022 1188 812 
1023 1187 813 
1024 1187 813 
1025 1187 813 
1026 1185 815 
1027 1186 814 
1028 1187 813 
1029 1186 814 
1030 1186 814 
1031 1186 814 
1032 1187 813 
1033 1185 815 
1034 1185 815 
1035 1184 816 
1036 1186 814 
1037 1184 816 
1038 1185 815 
1039 1182 818 
1040 1184 816 
1041 1179 821 
1042 1181 819 
1043 1180 820 
1044 1182 818 
1045 1180 820 
1046 1182 818 
1047 1179 821 
1048 1182 818 
1049 1180 820 
1050 1182 818 
1051 1180 820 
1052 1182 818 
1053 1179 821 
1054 1179 821 
1055 1178 822 
1056 1180 820 
1057 1177 823 
1058 1178 822 
1059 1175 825 
1060 1178 822 
1061 1175 825 
1062 1177 823 
1063 1176 824 
1064 1178 822 
1065 1175 825 
1066 1176 824 
1067 1172 828 
1068 1174 826 
1069 1173 827 
1070 1173 827 
1071 1171 829 
1072 1171 829 
1073 1169 831 
1074 1171 829 
1075 1169 831 
1076 1171 829 
1077 1169 831 
1078 1171 829 
1079 1170 830 
1080 1173 827 
1081 1170 830 
1082 1171 829 
1083 1168 832 
1084 1170 830 
1085 1168 832 
1086 1170 830 
1087 1169 831 
1088 1170 830 
1089 1170 830 
1090 1171 829 
1091 1170 830 
1092 1169 831 
1093 1167 833 
1094 1169 831 
1095 1166 834 
1096 1167 833 
1097 1166 834 
1098 1166 834 
1099 1164 836 
1100 1164 836 
1101 1163 837 
1102 1163 837 
1103 1163 837 
1104 1163 837 
1105 1162 838 
1106 1163 837 
1107 1163 837 
1108 1162 838 
1109 1163 837 
1110 1163 837 
1111 1162 838 
1112 1163 837 
1113 1161 839 
1114 1160 840 
1115 1158 842 
1116 1158 842 
1117 1156 844 
1118 1157 843 
1119 1157 843 
1120 1157 843 
1121 1156 844 
1122 1158 842 
1123 1156 844 
1124 1157 843 
1125 1156 844 
1126 1158 842 
1127 1157 843 
1128 1159 841 
1129 1158 842 
1130 1159 841 
1131 1158 842 
1132 1159 841 
1133 1155 845 
1134 1156 844 
1135 1155 845 
1136 1156 844 
1137 1155 845 
1138 1155 845 
1139 1153 847 
1140 1154 846 
1141 1153 847 
1142 1153 847 
1143 1152 848 
1144 1154 846 
1145 1153 847 
1146 1153 847 
1147 1152 848 
1148 1151 849 
1149 1150 850 
1150 1152 848 
1151 1151 849 
1152 1152 848 
1153 1151 849 
1154 1151 849 
1155 1150 850 
1156 1149 851 
1157 1148 852 
1158 1148 852 
1159 1147 853 
1160 1148 852 
1161 1147 853 
1162 1146 854 
1163 1146 854 
1164 1145 855 
1165 1145 855 
1166 1146 854 
1167 1145 855 
1168 1146 854 
1169 1145 855 
1170 1145 855 
1171 1142 858 
1172 1142 858 
1173 1142 858 
1174 1143 857 
1175 1143 857 
1176 1143 857 
1177 1140 860 
1178 1141 859 
1179 1140 860 
1180 1141 859 
1181 1140 860 
1182 1141 859 
1183 1140 860 
1184 1142 858 
1185 1143 857 
1186 1144 856 
1187 1143 857 
1188 1144 856 
1189 1145 855 
1190 1149 851 
1191 1147 853 
1192 1147 853 
1193 1145 855 
1194 1146 854 
1195 1145 855 
1196 1146 854 
1197 1145 855 
1198 1147 853 
1199 1146 854 
1200 1147 853 
1201 1145 855 
1202 1147 853 
1203 1146 854 
1204 1146 854 
1205 1144 856 
1206 1144 856 
1207 1142 858 
1208 1142 858 
1209 1140 860 
1210 1140 860 
1211 1139 861 
1212 1140 860 
1213 1140 860 
1214 1140 860 
1215 1140 860 
1216 1140 860 
1217 1139 861 
1218 1138 862 
1219 1137 863 
1220 1138 862 
1221 1138 862 
1222 1137 863 
1223 1137 863 
1224 1137 863 
1225 1139 861 
1226 1138 862 
1227 1139 861 
1228 1139 861 
1229 1138 862 
1230 1139 861 
1231 1138 862 
1232 1139 861 
1233 1139 861 
1234 1139 861 
1235 1139 861 
1236 1139 861 
1237 1140 860 
1238 1140 860 
1239 1139 861 
1240 1138 862 
1241 1139 861 
1242 1140 860 
1243 1140 860 
1244 1138 862 
1245 1139 861 
1246 1139 861 
1247 1138 862 
1248 1138 862 
1249 1137 863 
1250 1137 863 
1251 1137 863 
1252 1138 862 
1253 1138 862 
1254 1136 864 
1255 1136 864 
1256 1138 862 
1257 1137 863 
1258 1137 863 
1259 1138 862 
1260 1137 863 
1261 1137 863 
1262 1137 863 
1263 1137 863 
1264 1135 865 
1265 1134 866 
1266 1134 866 
1267 1133 867 
1268 1132 868 
1269 1131 869 
1270 1129 871 
1271 1131 869 
1272 1131 869 
1273 1132 868 
1274 1132 868 
1275 1132 868 
1276 1132 868 
1277 1132 868 
1278 1132 868 
1279 1135 865 
1280 1133 867 
1281 1134 866 
1282 1132 868 
1283 1133 867 
1284 1132 868 
1285 1131 869 
1286 1130 870 
1287 1130 870 
1288 1129 871 
1289 1129 871 
1290 1131 869 
1291 1130 870 
1292 1130 870 
1293 1130 870 
1294 1130 870 
1295 1132 868 
1296 1132 868 
1297 1131 869 
1298 1131 869 
1299 1130 870 
1300 1129 871 
1301 1130 870 
1302 1130 870 
1303 1129 871 
1304 1130 870 
1305 1130 870 
1306 1130 870 
1307 1131 869 
1308 1131 869 
1309 1132 868 
1310 1131 869 
1311 1131 869 
1312 1130 870 
1313 1130 870 
1314 1129 871 
1315 1129 871 
1316 1129 871 
1317 1129 871 
1318 1129 871 
1319 1130 870 
1320 1130 870 
1321 1132 868 
1322 1131 869 
1323 1130 870 
1324 1128 872 
1325 1129 871 
1326 1129 871 
1327 1128 872 
1328 1128 872 
1329 1127 873 
1330 1127 873 
1331 1127 873 
1332 1128 872 
1333 1128 872 
1334 1128 872 
1335 1129 871 
1336 1129 871 
1337 1129 871 
1338 1130 870 
1339 1129 871 
1340 1129 871 
1341 1130 870 
1342 1129 871 
1343 1129 871 
1344 1129 871 
1345 1128 872 
1346 1126 874 
1347 1127 873 
1348 1129 871 
1349 1130 870 
1350 1131 869 
1351 1131 869 
1352 1132 868 
1353 1133 867 
1354 1134 866 
1355 1135 865 
1356 1135 865 
1357 1135 865 
1358 1134 866 
1359 1133 867 
1360 1132 868 
1361 1132 868 
1362 1132 868 
1363 1131 869 
1364 1132 868 
1365 1131 869 
1366 1131 869 
1367 1131 869 
1368 1131 869 
1369 1131 869 
1370 1131 869 
1371 1131 869 
1372 1132 868 
1373 1129 871 
1374 1129 871 
1375 1130 870 
1376 1130 870 
1377 1130 870 
1378 1130 870 
1379 1131 869 
1380 1130 870 
1381 1130 870 
1382 1129 871 
1383 1129 871 
1384 1130 870 
1385 1130 870 
1386 1129 871 
1387 1128 872 
1388 1127 873 
1389 1130 870 
1390 1130 870 
1391 1131 869 
1392 1131 869 
1393 1131 869 
1394 1129 871 
1395 1131 869 
1396 1130 870 
1397 1131 869 
1398 1129 871 
1399 1129 871 
1400 1128 872 
1401 1130 870 
1402 1129 871 
1403 1129 871 
1404 1128 872 
1405 1129 871 
1406 1128 872 
1407 1127 873 
1408 1126 874 
1409 1128 872 
1410 1126 874 
1411 1127 873 
1412 1123 877 
1413 1124 876 
1414 1122 878 
1415 1124 876 
1416 1122 878 
1417 1124 876 
1418 1123 877 
1419 1123 877 
1420 1119 881 
1421 1120 880 
1422 1118 882 
1423 1119 881 
1424 1116 884 
1425 1119 881 
1426 1118 882 
1427 1120 880 
1428 1119 881 
1429 1122 878 
1430 1121 879 
1431 1123 877 
1432 1120 880 
1433 1120 880 
1434 1118 882 
1435 1121 879 
1436 1119 881 
1437 1119 881 
1438 1118 882 
1439 1119 881 
1440 1115 885 
1441 1117 883 
1442 1116 884 
1443 1118 882 
1444 1116 884 
1445 1118 882 
1446 1116 884 
1447 1119 881 
1448 1118 882 
1449 1120 880 
1450 1117 883 
1451 1118 882 
1452 1116 884 
1453 1118 882 
1454 1116 884 
1455 1119 881 
1456 1117 883 
1457 1118 882 
1458 1119 881 
1459 1120 880 
1460 1119 881 
1461 1118 882 
1462 1116 884 
1463 1118 882 
1464 1117 883 
1465 1119 881 
1466 1118 882 
1467 1121 879 
1468 1120 880 
1469 1122 878 
1470 1122 878 
1471 1125 875 
1472 1123 877 
1473 1126 874 
1474 1122 878 
1475 1125 875 
1476 1123 877 
1477 1126 874 
1478 1123 877 
1479 1126 874 
1480 1123 877 
1481 1126 874 
1482 1122 878 
1483 1125 875 
1484 1122 878 
1485 1125 875 
1486 1121 879 
1487 1124 876 
1488 1121 879 
1489 1124 876 
1490 1120 880 
1491 1123 877 
1492 1120 880 
1493 1124 876 
1494 1121 879 
1495 1123 877 
1496 1122 878 
1497 1125 875 
1498 1122 878 
1499 1126 874 
1500 1124 876 
1501 1128 872 
1502 1124 876 
1503 1126 874 
1504 1121 879 
1505 1124 876 
1506 1121 879 
1507 1124 876 
1508 1121 879 
1509 1123 877 
1510 1119 881 
1511 1122 878 
1512 1119 881 
1513 1122 878 
1514 1119 881 
1515 1121 879 
1516 1117 883 
1517 1120 880 
1518 1117 883 
1519 1121 879 
1520 1118 882 
1521 1120 880 
1522 1117 883 
1523 1121 879 
1524 1118 882 
1525 1123 877 
1526 1121 879 
1527 1124 876 
1528 1121 879 
1529 1123 877 
1530 1121 879 
1531 1124 876 
1532 1122 878 
1533 1125 875 
1534 1122 878 
1535 1126 874 
1536 1123 877 
1537 1126 874 
1538 1122 878 
1539 1126 874 
1540 1122 878 
1541 1127 873 
1542 1123 877 
1543 1129 871 
1544 1126 874 
1545 1130 870 
1546 1126 874 
1547 1131 869 
1548 1128 872 
1549 1131 869 
1550 1128 872 
1551 1131 869 
1552 1127 873 
1553 1129 871 
1554 1126 874 
1555 1129 871 
1556 1126 874 
1557 1128 872 
1558 1124 876 
1559 1128 872 
1560 1125 875 
1561 1128 872 
1562 1125 875 
1563 1128 872 
1564 1124 876 
1565 1127 873 
1566 1125 875 
1567 1127 873 
1568 1126 874 
1569 1129 871 
1570 1127 873 
1571 1129 871 
1572 1127 873 
1573 1129 871 
1574 1127 873 
1575 1128 872 
1576 1127 873 
1577 1129 871 
1578 1129 871 
1579 1130 870 
1580 1127 873 
1581 1128 872 
1582 1127 873 
1583 1128 872 
1584 1125 875 
1585 1127 873 
1586 1126 874 
1587 1127 873 
1588 1124 876 
1589 1124 876 
1590 1123 877 
1591 1125 875 
1592 1125 875 
1593 1126 874 
1594 1124 876 
1595 1124 876 
1596 1124 876 
1597 1125 875 
1598 1123 877 
1599 1125 875 
1600 1124 876 
1601 1125 875 
1602 1125 875 
1603 1126 874 
1604 1125 875 
1605 1126 874 
1606 1124 876 
1607 1126 874 
1608 1125 875 
1609 1124 876 
1610 1123 877 
1611 1125 875 
1612 1122 878 
1613 1122 878 
1614 1121 879 
1615 1123 877 
1616 1122 878 
1617 1123 877 
1618 1121 879 
1619 1122 878 
1620 1122 878 
1621 1123 877 
1622 1122 878 
1623 1122 878 
1624 1121 879 
1625 1122 878 
1626 1120 880 
1627 1121 879 
1628 1120 880 
1629 1120 880 
1630 1119 881 
1631 1119 881 
1632 1119 881 
1633 1121 879 
1634 1120 880 
1635 1121 879 
1636 1119 881 
1637 1117 883 
1638 1116 884 
1639 1117 883 
1640 1116 884 
1641 1117 883 
1642 1116 884 
1643 1117 883 
1644 1117 883 
1645 1115 885 
1646 1114 886 
1647 1115 885 
1648 1114 886 
1649 1113 887 
1650 1113 887 
1651 1114 886 
1652 1115 885 
1653 1115 885 
1654 1115 885 
1655 1116 884 
1656 1114 886 
1657 1114 886 
1658 1112 888 
1659 1112 888 
1660 1111 889 
1661 1111 889 
1662 1111 889 
1663 1112 888 
1664 1112 888 
1665 1114 886 
1666 1114 886 
1667 1114 886 
1668 1112 888 
1669 1114 886 
1670 1114 886 
1671 1114 886 
1672 1111 889 
1673 1112 888 
1674 1111 889 
1675 1112 888 
1676 1111 889 
1677 1111 889 
1678 1109 891 
1679 1110 890 
1680 1111 889 
1681 1112 888 
1682 1110 890 
1683 1110 890 
1684 1111 889 
1685 1112 888 
1686 1111 889 
1687 1112 888 
1688 1114 886 
1689 1115 885 
1690 1114 886 
1691 1115 885 
1692 1114 886 
1693 1114 886 
1694 1115 885 
1695 1117 883 
1696 1116 884 
1697 1118 882 
1698 1115 885 
1699 1115 885 
1700 1114 886 
1701 1116 884 
1702 1115 885 
1703 1117 883 
1704 1118 882 
1705 1119 881 
1706 1119 881 
1707 1119 881 
1708 1117 883 
1709 1117 883 
1710 1115 885 
1711 1115 885 
1712 1117 883 
1713 1118 882 
1714 1118 882 
1715 1119 881 
1716 1119 881 
1717 1119 881 
1718 1119 881 
1719 1119 881 
1720 1117 883 
1721 1118 882 
1722 1116 884 
1723 1115 885 
1724 1115 885 
1725 1115 885 
1726 1114 886 
1727 1115 885 
1728 1114 886 
1729 1115 885 
1730 1114 886 
1731 1115 885 
1732 1112 888 
1733 1113 887 
1734 1111 889 
1735 1110 890 
1736 1108 892 
1737 1110 890 
1738 1108 892 
1739 1108 892 
1740 1108 892 
1741 1109 891 
1742 1109 891 
1743 1110 890 
1744 1108 892 
1745 1109 891 
1746 1108 892 
1747 1109 891 
1748 1107 893 
1749 1109 891 
1750 1107 893 
1751 1108 892 
1752 1108 892 
1753 1109 891 
1754 1108 892 
1755 1110 890 
1756 1109 891 
1757 1111 889 
1758 1110 890 
1759 1111 889 
1760 1109 891 
1761 1110 890 
1762 1111 889 
1763 1111 889 
1764 1111 889 
1765 1111 889 
1766 1111 889 
1767 1111 889 
1768 1111 889 
1769 1110 890 
1770 1110 890 
1771 1110 890 
1772 1110 890 
1773 1111 889 
1774 1113 887 
1775 1113 887 
1776 1113 887 
1777 1112 888 
1778 1112 888 
1779 1112 888 
1780 1113 887 
1781 1113 887 
1782 1113 887 
1783 1112 888 
1784 1112 888 
1785 1112 888 
1786 1112 888 
1787 1112 888 
1788 1112 888 
1789 1110 890 
1790 1109 891 
1791 1109 891 
1792 1109 891 
1793 1108 892 
1794 1109 891 
1795 1109 891 
1796 1109 891 
1797 1109 891 
1798 1109 891 
1799 1109 891 
1800 1108 892 
1801 1109 891 
1802 1109 891 
1803 1108 892 
1804 1108 892 
1805 1108 892 
1806 1108 892 
1807 1107 893 
1808 1108 892 
1809 1109 891 
1810 1109 891 
1811 1109 891 
1812 1109 891 
1813 1109 891 
1814 1111 889 
1815 1111 889 
1816 1111 889 
1817 1110 890 
1818 1110 890 
1819 1110 890 
1820 1110 890 
1821 1110 890 
1822 1111 889 
1823 1109 891 
1824 1109 891 
1825 1110 890 
1826 1110 890 
1827 1109 891 
1828 1109 891 
1829 1110 890 
1830 1110 890 
1831 1110 890 
1832 1109 891 
1833 1107 893 
1834 1108 892 
1835 1106 894 
1836 1108 892 
1837 1106 894 
1838 1107 893 
1839 1107 893 
1840 1108 892 
1841 1106 894 
1842 1106 894 
1843 1103 897 
1844 1105 895 
1845 1102 898 
1846 1103 897 
1847 1102 898 
1848 1105 895 
1849 1101 899 
1850 1103 897 
1851 1101 899 
1852 1103 897 
1853 1101 899 
1854 1104 896 
1855 1102 898 
1856 1104 896 
1857 1102 898 
1858 1104 896 
1859 1102 898 
1860 1104 896 
1861 1103 897 
1862 1105 895 
1863 1103 897 
1864 1106 894 
1865 1103 897 
1866 1105 895 
1867 1103 897 
1868 1105 895 
1869 1103 897 
1870 1105 895 
1871 1103 897 
1872 1105 895 
1873 1103 897 
1874 1105 895 
1875 1103 897 
1876 1104 896 
1877 1101 899 
1878 1103 897 
1879 1101 899 
1880 1102 898 
1881 1099 901 
1882 1100 900 
1883 1096 904 
1884 1099 901 
1885 1098 902 
1886 1099 901 
1887 1098 902 
1888 1102 898 
1889 1099 901 
1890 1104 896 
1891 1102 898 
1892 1104 896 
1893 1101 899 
1894 1102 898 
1895 1100 900 
1896 1102 898 
1897 1100 900 
1898 1100 900 
1899 1098 902 
1900 1099 901 
1901 1096 904 
1902 1097 903 
1903 1094 906 
1904 1095 905 
1905 1092 908 
1906 1093 907 
1907 1092 908 
1908 1093 907 
