0 5000 0 
1 4995 5 
2 4987 13 
3 4979 21 
4 4977 23 
5 4968 32 
6 4965 35 
7 4959 41 
8 4958 42 
9 4948 52 
10 4944 56 
11 4936 64 
12 4933 67 
13 4927 73 
14 4926 74 
15 4915 85 
16 4916 84 
17 4910 90 
18 4907 93 
19 4902 98 
20 4900 100 
21 4894 106 
22 4893 107 
23 4880 120 
24 4875 125 
25 4867 133 
26 4863 137 
27 4858 142 
28 4858 142 
29 4850 150 
30 4846 154 
31 4843 157 
32 4843 157 
33 4835 165 
34 4834 166 
35 4827 173 
36 4827 173 
37 4822 178 
38 4822 178 
39 4812 188 
40 4810 190 
41 4806 194 
42 4800 200 
43 4796 204 
44 4794 206 
45 4788 212 
46 4786 214 
47 4781 219 
48 4775 225 
49 4770 230 
50 4762 238 
51 4757 243 
52 4755 245 
53 4749 251 
54 4747 253 
55 4743 257 
56 4736 264 
57 4729 271 
58 4725 275 
59 4720 280 
60 4715 285 
61 4708 292 
62 4703 297 
63 4696 304 
64 4693 307 
65 4686 314 
66 4683 317 
67 4677 323 
68 4671 329 
69 4667 333 
70 4666 334 
71 4658 342 
72 4653 347 
73 4644 356 
74 4642 358 
75 4637 363 
76 4633 367 
77 4624 376 
78 4621 379 
79 4613 387 
80 4611 389 
81 4606 394 
82 4600 400 
83 4590 410 
84 4587 413 
85 4576 424 
86 4572 428 
87 4567 433 
88 4566 434 
89 4558 442 
90 4555 445 
91 4543 457 
92 4544 456 
93 4535 465 
94 4535 465 
95 4526 474 
96 4519 481 
97 4513 487 
98 4508 492 
99 4500 500 
100 4498 502 
101 4487 513 
102 4484 516 
103 4477 523 
104 4475 525 
105 4468 532 
106 4462 538 
107 4451 549 
108 4447 553 
109 4433 567 
110 4428 572 
111 4422 578 
112 4422 578 
113 4413 587 
114 4410 590 
115 4403 597 
116 4398 602 
117 4387 613 
118 4384 616 
119 4373 627 
120 4372 628 
121 4364 636 
122 4358 642 
123 4354 646 
124 4349 651 
125 4342 658 
126 4331 669 
127 4323 677 
128 4322 678 
129 4314 686 
130 4313 687 
131 4301 699 
132 4298 702 
133 4290 710 
134 4288 712 
135 4278 722 
136 4274 726 
137 4264 736 
138 4261 739 
139 4250 750 
140 4249 751 
141 4240 760 
142 4239 761 
143 4231 769 
144 4229 771 
145 4215 785 
146 4214 786 
147 4201 799 
148 4201 799 
149 4190 810 
150 4187 813 
151 4174 826 
152 4169 831 
153 4155 845 
154 4151 849 
155 4138 862 
156 4135 865 
157 4123 877 
158 4120 880 
159 4112 888 
160 4104 896 
161 4097 903 
162 4090 910 
163 4078 922 
164 4071 929 
165 4065 935 
166 4058 942 
167 4052 948 
168 4050 950 
169 4043 957 
170 4036 964 
171 4023 977 
172 4015 985 
173 4005 995 
174 3997 1003 
175 3992 1008 
176 3990 1010 
177 3982 1018 
178 3977 1023 
179 3967 1033 
180 3962 1038 
181 3950 1050 
182 3944 1056 
183 3934 1066 
184 3928 1072 
185 3925 1075 
186 3921 1079 
187 3915 1085 
188 3906 1094 
189 3894 1106 
190 3890 1110 
191 3885 1115 
192 3879 1121 
193 3872 1128 
194 3866 1134 
195 3859 1141 
196 3855 1145 
197 3845 1155 
198 3838 1162 
199 3831 1169 
200 3818 1182 
201 3814 1186 
202 3810 1190 
203 3803 1197 
204 3798 1202 
205 3792 1208 
206 3787 1213 
207 3777 1223 
208 3774 1226 
209 3766 1234 
210 3762 1238 
211 3756 1244 
212 3747 1253 
213 3744 1256 
214 3738 1262 
215 3734 1266 
216 3726 1274 
217 3717 1283 
218 3709 1291 
219 3704 1296 
220 3698 1302 
221 3690 1310 
222 3683 1317 
223 3677 1323 
224 3668 1332 
225 3661 1339 
226 3654 1346 
227 3647 1353 
228 3645 1355 
229 3639 1361 
230 3635 1365 
231 3629 1371 
232 3622 1378 
233 3618 1382 
234 3614 1386 
235 3611 1389 
236 3601 1399 
237 3597 1403 
238 3587 1413 
239 3585 1415 
240 3580 1420 
241 3576 1424 
242 3568 1432 
243 3566 1434 
244 3557 1443 
245 3552 1448 
246 3547 1453 
247 3547 1453 
248 3531 1469 
249 3529 1471 
250 3520 1480 
251 3520 1480 
252 3508 1492 
253 3509 1491 
254 3499 1501 
255 3498 1502 
256 3489 1511 
257 3486 1514 
258 3472 1528 
259 3471 1529 
260 3460 1540 
261 3460 1540 
262 3452 1548 
263 3453 1547 
264 3442 1558 
265 3442 1558 
266 3430 1570 
267 3429 1571 
268 3421 1579 
269 3422 1578 
270 3410 1590 
271 3408 1592 
272 3400 1600 
273 3398 1602 
274 3386 1614 
275 3385 1615 
276 3374 1626 
277 3372 1628 
278 3361 1639 
279 3361 1639 
280 3352 1648 
281 3349 1651 
282 3342 1658 
283 3340 1660 
284 3327 1673 
285 3326 1674 
286 3318 1682 
287 3317 1683 
288 3307 1693 
289 3308 1692 
290 3300 1700 
291 3304 1696 
292 3291 1709 
293 3291 1709 
294 3281 1719 
295 3284 1716 
296 3276 1724 
297 3277 1723 
298 3268 1732 
299 3270 1730 
300 3259 1741 
301 3263 1737 
302 3252 1748 
303 3253 1747 
304 3240 1760 
305 3243 1757 
306 3229 1771 
307 3227 1773 
308 3217 1783 
309 3214 1786 
310 3204 1796 
311 3202 1798 
312 3192 1808 
313 3191 1809 
314 3182 1818 
315 3179 1821 
316 3170 1830 
317 3173 1827 
318 3161 1839 
319 3163 1837 
320 3149 1851 
321 3150 1850 
322 3146 1854 
323 3148 1852 
324 3140 1860 
325 3136 1864 
326 3131 1869 
327 3127 1873 
328 3119 1881 
329 3117 1883 
330 3112 1888 
331 3108 1892 
332 3097 1903 
333 3094 1906 
334 3091 1909 
335 3087 1913 
336 3080 1920 
337 3080 1920 
338 3073 1927 
339 3072 1928 
340 3066 1934 
341 3068 1932 
342 3061 1939 
343 3064 1936 
344 3059 1941 
345 3057 1943 
346 3049 1951 
347 3047 1953 
348 3038 1962 
349 3038 1962 
350 3033 1967 
351 3031 1969 
352 3024 1976 
353 3025 1975 
354 3020 1980 
355 3020 1980 
356 3012 1988 
357 3013 1987 
358 3005 1995 
359 3004 1996 
360 2995 2005 
361 2991 2009 
362 2983 2017 
363 2983 2017 
364 2973 2027 
365 2973 2027 
366 2968 2032 
367 2967 2033 
368 2958 2042 
369 2959 2041 
370 2950 2050 
371 2947 2053 
372 2944 2056 
373 2939 2061 
374 2938 2062 
375 2937 2063 
376 2934 2066 
377 2936 2064 
378 2929 2071 
379 2928 2072 
380 2923 2077 
381 2920 2080 
382 2916 2084 
383 2916 2084 
384 2910 2090 
385 2907 2093 
386 2901 2099 
387 2902 2098 
388 2897 2103 
389 2889 2111 
390 2884 2116 
391 2880 2120 
392 2873 2127 
393 2871 2129 
394 2867 2133 
395 2867 2133 
396 2862 2138 
397 2859 2141 
398 2859 2141 
399 2857 2143 
400 2857 2143 
401 2853 2147 
402 2851 2149 
403 2843 2157 
404 2843 2157 
405 2842 2158 
406 2842 2158 
407 2839 2161 
408 2838 2162 
409 2833 2167 
410 2829 2171 
411 2828 2172 
412 2825 2175 
413 2821 2179 
414 2820 2180 
415 2817 2183 
416 2820 2180 
417 2816 2184 
418 2810 2190 
419 2808 2192 
420 2806 2194 
421 2804 2196 
422 2799 2201 
423 2793 2207 
424 2791 2209 
425 2786 2214 
426 2784 2216 
427 2782 2218 
428 2779 2221 
429 2776 2224 
430 2774 2226 
431 2766 2234 
432 2767 2233 
433 2766 2234 
434 2765 2235 
435 2762 2238 
436 2761 2239 
437 2754 2246 
438 2755 2245 
439 2752 2248 
440 2752 2248 
441 2752 2248 
442 2748 2252 
443 2745 2255 
444 2744 2256 
445 2741 2259 
446 2738 2262 
447 2737 2263 
448 2736 2264 
449 2735 2265 
450 2735 2265 
451 2732 2268 
