0 1000 0 
1 999 1 
2 999 1 
3 998 2 
4 998 2 
5 998 2 
6 997 3 
7 997 3 
8 996 4 
9 995 5 
10 994 6 
11 994 6 
12 993 7 
13 992 8 
14 991 9 
15 990 10 
16 989 11 
17 987 13 
18 987 13 
19 987 13 
20 986 14 
21 985 15 
22 983 17 
23 983 17 
24 980 20 
25 978 22 
26 975 25 
27 975 25 
28 975 25 
29 974 26 
30 974 26 
31 972 28 
32 972 28 
33 971 29 
34 971 29 
35 968 32 
36 966 34 
37 965 35 
38 963 37 
39 961 39 
40 961 39 
41 961 39 
42 961 39 
43 961 39 
44 961 39 
45 958 42 
46 958 42 
47 956 44 
48 956 44 
49 956 44 
50 956 44 
51 956 44 
52 955 45 
53 955 45 
54 954 46 
55 954 46 
56 952 48 
57 951 49 
58 949 51 
59 946 54 
60 945 55 
61 945 55 
62 943 57 
63 943 57 
64 941 59 
65 941 59 
66 940 60 
67 940 60 
68 938 62 
69 937 63 
70 935 65 
71 935 65 
72 932 68 
73 931 69 
74 931 69 
75 931 69 
76 929 71 
77 928 72 
78 927 73 
79 927 73 
80 927 73 
81 926 74 
82 926 74 
83 926 74 
84 926 74 
85 926 74 
86 926 74 
87 925 75 
88 925 75 
89 923 77 
90 923 77 
91 921 79 
92 920 80 
93 918 82 
94 917 83 
95 914 86 
96 912 88 
97 911 89 
98 909 91 
99 904 96 
100 903 97 
101 901 99 
102 902 98 
103 897 103 
104 899 101 
105 897 103 
106 898 102 
107 896 104 
108 897 103 
109 895 105 
110 897 103 
111 895 105 
112 894 106 
113 892 108 
114 894 106 
115 892 108 
116 894 106 
117 892 108 
118 892 108 
119 890 110 
120 890 110 
121 887 113 
122 889 111 
123 886 114 
124 887 113 
125 884 116 
126 884 116 
127 882 118 
128 883 117 
129 880 120 
130 881 119 
131 878 122 
132 880 120 
133 876 124 
134 877 123 
135 875 125 
136 876 124 
137 873 127 
138 875 125 
139 872 128 
140 872 128 
141 870 130 
142 872 128 
143 870 130 
144 871 129 
145 867 133 
146 869 131 
147 865 135 
148 867 133 
149 863 137 
150 864 136 
151 861 139 
152 860 140 
153 857 143 
154 859 141 
155 857 143 
156 859 141 
157 857 143 
158 858 142 
159 856 144 
160 856 144 
161 854 146 
162 854 146 
163 853 147 
164 852 148 
165 850 150 
166 850 150 
167 848 152 
168 848 152 
169 845 155 
170 845 155 
171 844 156 
172 842 158 
173 840 160 
174 840 160 
175 838 162 
176 838 162 
177 837 163 
178 837 163 
179 835 165 
180 834 166 
181 833 167 
182 833 167 
183 832 168 
184 832 168 
185 829 171 
186 830 170 
187 828 172 
188 827 173 
189 824 176 
190 825 175 
191 824 176 
192 824 176 
193 821 179 
194 821 179 
195 818 182 
196 817 183 
197 814 186 
198 813 187 
199 812 188 
200 810 190 
201 807 193 
202 806 194 
203 805 195 
204 804 196 
205 802 198 
206 803 197 
207 801 199 
208 801 199 
209 800 200 
210 800 200 
211 796 204 
212 794 206 
213 791 209 
214 790 210 
215 789 211 
216 788 212 
217 785 215 
218 786 214 
219 784 216 
220 784 216 
221 782 218 
222 783 217 
223 781 219 
224 782 218 
225 781 219 
226 781 219 
227 781 219 
228 782 218 
229 779 221 
230 779 221 
231 777 223 
232 777 223 
233 774 226 
234 775 225 
235 772 228 
236 772 228 
237 772 228 
238 774 226 
239 772 228 
240 770 230 
241 768 232 
242 767 233 
243 766 234 
244 767 233 
245 766 234 
246 764 236 
247 764 236 
248 764 236 
249 762 238 
250 763 237 
251 763 237 
252 762 238 
253 763 237 
254 762 238 
255 763 237 
256 762 238 
257 761 239 
258 758 242 
259 760 240 
260 759 241 
261 759 241 
262 758 242 
263 758 242 
264 754 246 
265 755 245 
266 753 247 
267 754 246 
268 753 247 
269 754 246 
270 752 248 
271 749 251 
272 748 252 
273 749 251 
274 748 252 
275 749 251 
276 748 252 
277 747 253 
278 745 255 
279 745 255 
280 744 256 
281 743 257 
282 741 259 
283 740 260 
284 738 262 
285 739 261 
286 736 264 
287 736 264 
288 732 268 
289 734 266 
290 732 268 
291 733 267 
292 731 269 
293 732 268 
294 729 271 
295 730 270 
296 728 272 
297 727 273 
298 727 273 
299 724 276 
300 723 277 
301 723 277 
302 721 279 
303 718 282 
304 718 282 
305 719 281 
306 719 281 
307 718 282 
308 718 282 
309 718 282 
310 717 283 
311 715 285 
312 715 285 
313 715 285 
314 715 285 
315 714 286 
316 715 285 
317 714 286 
318 715 285 
319 713 287 
320 713 287 
321 708 292 
322 708 292 
323 706 294 
324 708 292 
325 706 294 
326 707 293 
327 706 294 
328 707 293 
329 705 295 
330 707 293 
331 705 295 
332 705 295 
333 703 297 
334 704 296 
335 703 297 
336 703 297 
337 703 297 
338 704 296 
339 702 298 
340 703 297 
341 700 300 
342 700 300 
343 700 300 
344 700 300 
345 700 300 
346 700 300 
347 700 300 
348 700 300 
349 699 301 
350 699 301 
351 699 301 
352 699 301 
353 698 302 
354 697 303 
355 697 303 
356 698 302 
357 698 302 
358 696 304 
359 696 304 
360 696 304 
361 695 305 
362 695 305 
363 694 306 
364 694 306 
365 695 305 
366 696 304 
367 697 303 
368 697 303 
369 696 304 
370 695 305 
371 695 305 
372 694 306 
373 693 307 
374 690 310 
375 689 311 
376 689 311 
377 688 312 
378 687 313 
379 687 313 
380 687 313 
381 685 315 
382 685 315 
383 685 315 
384 686 314 
385 685 315 
386 686 314 
387 687 313 
388 687 313 
389 686 314 
390 685 315 
391 687 313 
392 687 313 
393 684 316 
394 685 315 
395 685 315 
396 684 316 
397 685 315 
398 683 317 
399 683 317 
400 683 317 
401 683 317 
402 683 317 
403 682 318 
404 682 318 
405 682 318 
406 680 320 
407 680 320 
408 679 321 
409 679 321 
410 677 323 
411 676 324 
412 675 325 
413 674 326 
414 674 326 
415 674 326 
416 674 326 
417 673 327 
418 674 326 
419 674 326 
420 672 328 
421 672 328 
422 672 328 
423 673 327 
424 673 327 
425 673 327 
426 673 327 
427 672 328 
428 673 327 
429 671 329 
430 670 330 
431 670 330 
432 670 330 
433 669 331 
434 668 332 
435 667 333 
436 666 334 
437 666 334 
438 666 334 
439 664 336 
440 662 338 
441 662 338 
442 661 339 
443 658 342 
444 658 342 
445 659 341 
446 659 341 
447 658 342 
448 657 343 
449 654 346 
450 653 347 
451 654 346 
452 653 347 
453 654 346 
454 652 348 
455 653 347 
456 651 349 
457 651 349 
458 650 350 
459 650 350 
460 648 352 
461 648 352 
462 647 353 
463 647 353 
464 645 355 
465 645 355 
466 643 357 
467 644 356 
468 644 356 
469 644 356 
470 643 357 
471 643 357 
472 642 358 
473 644 356 
474 642 358 
475 644 356 
476 642 358 
477 642 358 
478 641 359 
479 641 359 
480 641 359 
481 642 358 
482 641 359 
483 641 359 
484 641 359 
485 642 358 
486 641 359 
487 641 359 
488 640 360 
489 640 360 
490 639 361 
491 640 360 
492 639 361 
493 639 361 
494 638 362 
495 638 362 
496 640 360 
497 639 361 
498 639 361 
499 638 362 
500 637 363 
501 637 363 
502 636 364 
503 635 365 
504 634 366 
505 633 367 
506 634 366 
507 631 369 
508 632 368 
509 631 369 
510 631 369 
511 629 371 
512 629 371 
513 627 373 
514 628 372 
515 627 373 
516 629 371 
517 629 371 
518 630 370 
519 629 371 
520 630 370 
521 629 371 
522 630 370 
523 628 372 
524 629 371 
525 629 371 
526 629 371 
527 628 372 
528 629 371 
529 628 372 
530 629 371 
531 629 371 
532 630 370 
533 629 371 
534 632 368 
535 630 370 
536 632 368 
537 631 369 
538 631 369 
539 630 370 
540 629 371 
541 628 372 
542 631 369 
543 630 370 
544 631 369 
545 629 371 
546 630 370 
547 631 369 
548 630 370 
549 628 372 
550 629 371 
551 628 372 
552 629 371 
553 629 371 
554 632 368 
555 633 367 
556 634 366 
557 632 368 
558 633 367 
559 632 368 
560 633 367 
561 631 369 
562 632 368 
563 630 370 
564 630 370 
565 627 373 
566 628 372 
567 627 373 
568 627 373 
569 626 374 
570 628 372 
571 627 373 
572 628 372 
573 627 373 
574 627 373 
575 627 373 
576 629 371 
577 627 373 
578 628 372 
579 627 373 
580 628 372 
581 626 374 
582 627 373 
583 626 374 
584 627 373 
585 626 374 
586 627 373 
587 626 374 
588 627 373 
589 624 376 
590 626 374 
591 626 374 
592 625 375 
593 624 376 
594 624 376 
595 623 377 
596 623 377 
597 621 379 
598 622 378 
599 620 380 
600 621 379 
601 622 378 
602 623 377 
603 620 380 
604 621 379 
605 620 380 
606 620 380 
607 616 384 
608 616 384 
609 615 385 
610 616 384 
611 615 385 
612 615 385 
613 613 387 
614 614 386 
615 614 386 
616 615 385 
617 614 386 
618 616 384 
619 614 386 
620 614 386 
621 613 387 
622 613 387 
623 611 389 
624 612 388 
625 610 390 
626 611 389 
627 609 391 
628 610 390 
629 608 392 
630 609 391 
631 608 392 
632 610 390 
633 609 391 
634 610 390 
635 608 392 
636 609 391 
637 607 393 
638 608 392 
639 607 393 
640 608 392 
641 607 393 
642 609 391 
643 609 391 
644 610 390 
645 610 390 
646 610 390 
647 609 391 
648 611 389 
649 611 389 
650 613 387 
651 615 385 
652 614 386 
653 613 387 
654 614 386 
655 613 387 
656 614 386 
657 614 386 
658 614 386 
659 615 385 
660 616 384 
661 618 382 
662 618 382 
663 619 381 
664 618 382 
665 619 381 
666 617 383 
667 618 382 
668 618 382 
669 618 382 
670 618 382 
671 618 382 
672 617 383 
673 618 382 
674 617 383 
675 616 384 
676 616 384 
677 618 382 
678 619 381 
679 619 381 
680 620 380 
681 620 380 
682 620 380 
683 619 381 
684 619 381 
685 618 382 
686 617 383 
687 616 384 
688 616 384 
689 616 384 
690 616 384 
691 616 384 
692 614 386 
693 615 385 
694 615 385 
695 614 386 
696 615 385 
697 617 383 
698 616 384 
699 617 383 
700 617 383 
701 617 383 
702 618 382 
703 616 384 
704 614 386 
705 613 387 
706 614 386 
707 612 388 
708 613 387 
709 612 388 
710 613 387 
711 613 387 
712 614 386 
713 613 387 
714 614 386 
715 615 385 
716 615 385 
717 614 386 
718 614 386 
719 613 387 
720 613 387 
721 612 388 
722 612 388 
723 612 388 
724 613 387 
725 610 390 
726 610 390 
727 612 388 
728 614 386 
729 614 386 
730 616 384 
731 615 385 
732 616 384 
733 614 386 
734 616 384 
735 613 387 
736 614 386 
737 613 387 
738 614 386 
739 612 388 
740 612 388 
741 612 388 
742 613 387 
743 612 388 
744 614 386 
745 613 387 
746 613 387 
747 611 389 
748 612 388 
749 611 389 
750 612 388 
751 612 388 
752 614 386 
753 613 387 
754 613 387 
755 612 388 
756 612 388 
757 611 389 
758 612 388 
759 611 389 
760 612 388 
761 612 388 
762 613 387 
763 610 390 
764 611 389 
765 610 390 
766 611 389 
767 610 390 
768 611 389 
769 610 390 
770 611 389 
771 612 388 
772 613 387 
773 613 387 
774 614 386 
775 613 387 
776 615 385 
777 613 387 
778 613 387 
779 611 389 
780 611 389 
781 610 390 
782 611 389 
783 613 387 
784 615 385 
785 614 386 
786 616 384 
787 615 385 
788 615 385 
789 615 385 
790 615 385 
791 613 387 
792 615 385 
793 614 386 
794 614 386 
795 613 387 
796 615 385 
797 614 386 
798 616 384 
799 615 385 
800 616 384 
801 616 384 
802 617 383 
803 616 384 
804 617 383 
805 617 383 
806 618 382 
807 617 383 
808 618 382 
809 616 384 
810 616 384 
811 616 384 
812 615 385 
813 614 386 
814 614 386 
815 614 386 
816 615 385 
817 615 385 
818 615 385 
819 615 385 
820 616 384 
821 616 384 
822 617 383 
823 617 383 
824 617 383 
825 617 383 
826 618 382 
827 617 383 
828 617 383 
829 617 383 
830 618 382 
831 618 382 
832 618 382 
833 618 382 
834 618 382 
835 618 382 
836 618 382 
837 619 381 
838 619 381 
839 619 381 
840 618 382 
841 617 383 
842 617 383 
843 616 384 
844 616 384 
845 616 384 
846 616 384 
847 616 384 
848 617 383 
849 618 382 
850 618 382 
851 619 381 
852 620 380 
853 620 380 
854 620 380 
855 621 379 
856 619 381 
857 619 381 
858 618 382 
859 619 381 
860 618 382 
861 619 381 
862 618 382 
863 618 382 
864 617 383 
865 618 382 
866 617 383 
867 618 382 
868 617 383 
869 619 381 
870 618 382 
871 619 381 
872 618 382 
873 619 381 
874 617 383 
875 618 382 
876 618 382 
877 620 380 
878 620 380 
879 621 379 
880 617 383 
881 617 383 
882 614 386 
883 616 384 
884 614 386 
885 616 384 
886 613 387 
887 614 386 
888 613 387 
889 618 382 
890 616 384 
891 619 381 
892 618 382 
893 620 380 
894 618 382 
895 620 380 
896 620 380 
897 622 378 
898 619 381 
899 620 380 
900 618 382 
901 620 380 
902 617 383 
903 616 384 
904 615 385 
905 617 383 
906 613 387 
907 615 385 
908 611 389 
909 614 386 
910 614 386 
911 615 385 
912 613 387 
913 612 388 
914 611 389 
915 614 386 
916 613 387 
917 615 385 
918 614 386 
919 617 383 
920 616 384 
921 618 382 
922 616 384 
923 617 383 
924 617 383 
925 619 381 
926 616 384 
927 618 382 
928 616 384 
929 617 383 
930 614 386 
931 616 384 
932 614 386 
933 616 384 
934 613 387 
935 615 385 
936 611 389 
937 613 387 
938 611 389 
939 615 385 
940 613 387 
941 615 385 
942 613 387 
943 618 382 
944 616 384 
945 618 382 
946 616 384 
947 619 381 
948 617 383 
949 618 382 
950 616 384 
951 619 381 
952 617 383 
953 617 383 
954 615 385 
955 616 384 
956 614 386 
957 615 385 
958 615 385 
959 617 383 
960 616 384 
961 617 383 
962 616 384 
963 618 382 
964 617 383 
965 619 381 
966 618 382 
967 619 381 
968 618 382 
969 619 381 
970 615 385 
971 616 384 
972 616 384 
973 616 384 
974 615 385 
975 616 384 
976 615 385 
977 614 386 
978 614 386 
979 614 386 
980 615 385 
981 616 384 
982 615 385 
983 615 385 
984 615 385 
985 617 383 
986 616 384 
987 616 384 
988 613 387 
989 613 387 
990 613 387 
991 612 388 
992 611 389 
993 611 389 
994 610 390 
995 611 389 
996 610 390 
997 609 391 
998 606 394 
999 609 391 
1000 607 393 
1001 608 392 
1002 608 392 
1003 607 393 
1004 606 394 
1005 607 393 
1006 607 393 
1007 608 392 
1008 607 393 
1009 609 391 
1010 607 393 
1011 610 390 
1012 609 391 
1013 611 389 
1014 610 390 
1015 612 388 
1016 610 390 
1017 611 389 
1018 610 390 
1019 612 388 
1020 612 388 
1021 613 387 
1022 613 387 
1023 614 386 
1024 613 387 
1025 613 387 
1026 612 388 
1027 612 388 
1028 611 389 
1029 610 390 
1030 608 392 
1031 608 392 
1032 607 393 
1033 607 393 
1034 606 394 
1035 605 395 
1036 605 395 
1037 605 395 
1038 604 396 
1039 604 396 
1040 605 395 
1041 607 393 
1042 608 392 
1043 608 392 
1044 607 393 
1045 607 393 
1046 606 394 
1047 606 394 
1048 604 396 
1049 604 396 
1050 603 397 
1051 601 399 
1052 602 398 
1053 602 398 
1054 602 398 
1055 604 396 
1056 604 396 
1057 604 396 
1058 604 396 
1059 603 397 
1060 603 397 
1061 603 397 
1062 604 396 
1063 602 398 
1064 600 400 
1065 602 398 
1066 602 398 
1067 602 398 
1068 602 398 
1069 604 396 
1070 604 396 
1071 604 396 
1072 604 396 
1073 604 396 
1074 604 396 
1075 605 395 
1076 605 395 
1077 606 394 
1078 604 396 
1079 603 397 
1080 602 398 
1081 602 398 
1082 603 397 
1083 603 397 
1084 604 396 
1085 603 397 
1086 602 398 
1087 602 398 
1088 601 399 
1089 601 399 
1090 599 401 
1091 598 402 
1092 597 403 
1093 597 403 
1094 597 403 
1095 598 402 
1096 597 403 
1097 597 403 
1098 598 402 
1099 598 402 
1100 598 402 
1101 599 401 
1102 598 402 
1103 597 403 
1104 597 403 
1105 598 402 
1106 597 403 
1107 598 402 
1108 598 402 
1109 597 403 
1110 597 403 
1111 596 404 
1112 596 404 
1113 597 403 
1114 597 403 
1115 597 403 
1116 598 402 
1117 598 402 
1118 596 404 
1119 595 405 
1120 595 405 
1121 593 407 
1122 593 407 
1123 593 407 
1124 592 408 
1125 592 408 
1126 591 409 
1127 589 411 
1128 589 411 
1129 588 412 
1130 587 413 
1131 589 411 
1132 590 410 
1133 590 410 
1134 590 410 
1135 590 410 
1136 590 410 
1137 590 410 
1138 590 410 
1139 589 411 
1140 589 411 
1141 589 411 
1142 588 412 
1143 588 412 
1144 587 413 
1145 587 413 
1146 587 413 
1147 586 414 
1148 586 414 
1149 586 414 
1150 585 415 
1151 585 415 
1152 585 415 
1153 586 414 
1154 585 415 
1155 585 415 
1156 586 414 
1157 586 414 
1158 586 414 
1159 587 413 
1160 586 414 
1161 586 414 
1162 586 414 
1163 585 415 
1164 583 417 
1165 583 417 
1166 583 417 
1167 583 417 
1168 584 416 
1169 584 416 
1170 584 416 
1171 584 416 
1172 584 416 
1173 584 416 
1174 583 417 
1175 582 418 
1176 583 417 
1177 582 418 
1178 583 417 
1179 582 418 
1180 582 418 
1181 581 419 
1182 581 419 
1183 579 421 
1184 581 419 
1185 581 419 
1186 582 418 
1187 580 420 
1188 581 419 
1189 581 419 
1190 582 418 
1191 581 419 
1192 581 419 
1193 580 420 
1194 580 420 
1195 579 421 
1196 579 421 
1197 578 422 
1198 578 422 
1199 576 424 
1200 577 423 
1201 576 424 
1202 579 421 
1203 577 423 
1204 576 424 
1205 575 425 
1206 576 424 
1207 575 425 
1208 576 424 
1209 575 425 
1210 576 424 
1211 574 426 
1212 577 423 
1213 577 423 
1214 580 420 
1215 581 419 
1216 582 418 
1217 582 418 
1218 584 416 
1219 582 418 
1220 583 417 
1221 582 418 
1222 583 417 
1223 582 418 
1224 584 416 
1225 583 417 
1226 584 416 
1227 583 417 
1228 584 416 
1229 582 418 
1230 582 418 
1231 581 419 
1232 581 419 
1233 581 419 
1234 581 419 
1235 580 420 
1236 581 419 
1237 580 420 
1238 581 419 
1239 579 421 
1240 581 419 
1241 579 421 
1242 580 420 
1243 578 422 
1244 579 421 
1245 577 423 
1246 580 420 
1247 578 422 
1248 582 418 
1249 581 419 
1250 583 417 
1251 580 420 
1252 580 420 
1253 579 421 
1254 581 419 
1255 578 422 
1256 579 421 
1257 575 425 
1258 579 421 
1259 575 425 
1260 575 425 
1261 572 428 
1262 574 426 
1263 571 429 
1264 574 426 
1265 571 429 
1266 574 426 
1267 571 429 
1268 574 426 
1269 572 428 
1270 574 426 
1271 569 431 
1272 572 428 
1273 569 431 
1274 572 428 
1275 570 430 
1276 573 427 
1277 570 430 
1278 572 428 
1279 570 430 
1280 573 427 
1281 569 431 
1282 572 428 
1283 569 431 
1284 571 429 
1285 568 432 
1286 571 429 
1287 568 432 
1288 570 430 
1289 566 434 
1290 571 429 
1291 569 431 
1292 572 428 
1293 572 428 
1294 574 426 
1295 572 428 
1296 575 425 
1297 572 428 
1298 573 427 
1299 570 430 
1300 573 427 
1301 572 428 
1302 575 425 
1303 570 430 
1304 573 427 
1305 570 430 
1306 574 426 
1307 569 431 
1308 572 428 
1309 569 431 
1310 573 427 
1311 571 429 
1312 573 427 
1313 569 431 
1314 572 428 
1315 568 432 
1316 571 429 
1317 568 432 
1318 571 429 
1319 567 433 
1320 570 430 
1321 567 433 
1322 570 430 
1323 569 431 
1324 572 428 
1325 570 430 
1326 573 427 
1327 570 430 
1328 575 425 
1329 571 429 
1330 572 428 
1331 569 431 
1332 571 429 
1333 570 430 
1334 570 430 
1335 568 432 
1336 569 431 
1337 571 429 
1338 572 428 
1339 571 429 
1340 572 428 
1341 572 428 
1342 573 427 
1343 573 427 
1344 574 426 
1345 574 426 
1346 576 424 
1347 575 425 
1348 577 423 
1349 576 424 
1350 577 423 
1351 574 426 
1352 576 424 
1353 575 425 
1354 577 423 
1355 576 424 
1356 578 422 
1357 576 424 
1358 577 423 
1359 576 424 
1360 577 423 
1361 576 424 
1362 577 423 
1363 575 425 
1364 576 424 
1365 575 425 
1366 576 424 
1367 575 425 
1368 576 424 
1369 575 425 
1370 576 424 
1371 576 424 
1372 577 423 
1373 575 425 
1374 575 425 
1375 575 425 
1376 577 423 
1377 575 425 
1378 574 426 
1379 572 428 
1380 572 428 
1381 571 429 
1382 572 428 
1383 570 430 
1384 573 427 
1385 573 427 
1386 573 427 
1387 571 429 
1388 572 428 
1389 571 429 
1390 572 428 
1391 574 426 
1392 573 427 
1393 571 429 
1394 572 428 
1395 571 429 
1396 572 428 
1397 573 427 
1398 573 427 
1399 573 427 
1400 573 427 
1401 573 427 
1402 574 426 
1403 572 428 
1404 571 429 
1405 571 429 
1406 572 428 
1407 573 427 
1408 573 427 
1409 573 427 
1410 573 427 
1411 574 426 
1412 573 427 
1413 572 428 
1414 571 429 
1415 569 431 
1416 569 431 
1417 569 431 
1418 569 431 
1419 569 431 
1420 569 431 
1421 570 430 
1422 571 429 
1423 571 429 
1424 571 429 
1425 570 430 
1426 570 430 
1427 570 430 
1428 569 431 
1429 569 431 
1430 569 431 
1431 569 431 
1432 568 432 
1433 567 433 
1434 567 433 
1435 567 433 
1436 567 433 
1437 568 432 
1438 567 433 
1439 567 433 
1440 567 433 
1441 567 433 
1442 566 434 
1443 565 435 
1444 565 435 
1445 565 435 
1446 565 435 
1447 564 436 
1448 563 437 
1449 563 437 
1450 564 436 
1451 565 435 
1452 564 436 
1453 564 436 
1454 564 436 
1455 564 436 
1456 564 436 
1457 564 436 
1458 563 437 
1459 564 436 
1460 564 436 
1461 564 436 
1462 565 435 
1463 564 436 
1464 564 436 
1465 563 437 
1466 563 437 
1467 564 436 
1468 563 437 
1469 563 437 
1470 563 437 
1471 562 438 
1472 562 438 
1473 562 438 
1474 562 438 
1475 563 437 
1476 563 437 
1477 562 438 
1478 561 439 
1479 562 438 
1480 563 437 
1481 563 437 
1482 562 438 
1483 561 439 
1484 561 439 
1485 561 439 
1486 562 438 
1487 561 439 
1488 563 437 
1489 562 438 
1490 563 437 
1491 562 438 
1492 565 435 
1493 564 436 
1494 567 433 
1495 567 433 
1496 568 432 
1497 567 433 
1498 568 432 
1499 567 433 
1500 568 432 
1501 567 433 
1502 568 432 
1503 566 434 
1504 569 431 
1505 568 432 
1506 568 432 
1507 567 433 
1508 569 431 
1509 567 433 
1510 569 431 
1511 567 433 
1512 569 431 
1513 567 433 
1514 570 430 
1515 569 431 
1516 571 429 
1517 567 433 
1518 570 430 
1519 568 432 
1520 571 429 
1521 568 432 
1522 570 430 
1523 568 432 
1524 569 431 
1525 565 435 
1526 568 432 
1527 566 434 
1528 567 433 
1529 565 435 
1530 567 433 
1531 567 433 
1532 569 431 
1533 567 433 
1534 569 431 
1535 566 434 
1536 569 431 
1537 566 434 
1538 569 431 
1539 566 434 
1540 569 431 
1541 566 434 
1542 570 430 
1543 567 433 
1544 568 432 
1545 565 435 
1546 568 432 
1547 566 434 
1548 568 432 
1549 565 435 
1550 567 433 
1551 563 437 
1552 567 433 
1553 565 435 
1554 567 433 
1555 564 436 
1556 567 433 
1557 564 436 
1558 568 432 
1559 565 435 
1560 569 431 
1561 565 435 
1562 570 430 
1563 567 433 
1564 570 430 
1565 568 432 
1566 572 428 
1567 569 431 
1568 571 429 
1569 569 431 
1570 571 429 
1571 568 432 
1572 571 429 
1573 567 433 
1574 570 430 
1575 567 433 
1576 570 430 
1577 568 432 
1578 572 428 
1579 570 430 
1580 573 427 
1581 571 429 
1582 573 427 
1583 570 430 
1584 573 427 
1585 571 429 
1586 573 427 
1587 568 432 
1588 571 429 
1589 569 431 
1590 573 427 
1591 570 430 
1592 572 428 
1593 568 432 
1594 570 430 
1595 568 432 
1596 571 429 
1597 568 432 
1598 572 428 
1599 569 431 
1600 571 429 
1601 568 432 
1602 571 429 
1603 566 434 
1604 567 433 
1605 563 437 
1606 566 434 
1607 564 436 
1608 565 435 
1609 562 438 
1610 564 436 
1611 559 441 
1612 562 438 
1613 559 441 
1614 561 439 
1615 556 444 
1616 560 440 
1617 557 443 
1618 560 440 
1619 558 442 
1620 560 440 
1621 556 444 
1622 559 441 
1623 556 444 
1624 559 441 
1625 555 445 
1626 559 441 
1627 556 444 
1628 559 441 
1629 555 445 
1630 559 441 
1631 555 445 
1632 558 442 
1633 555 445 
1634 558 442 
1635 555 445 
1636 558 442 
1637 554 446 
1638 556 444 
1639 553 447 
1640 556 444 
1641 553 447 
1642 555 445 
1643 553 447 
1644 555 445 
1645 553 447 
1646 556 444 
1647 554 446 
1648 557 443 
1649 556 444 
1650 558 442 
1651 556 444 
1652 557 443 
1653 555 445 
1654 558 442 
1655 557 443 
1656 558 442 
1657 557 443 
1658 557 443 
1659 556 444 
1660 557 443 
1661 553 447 
1662 555 445 
1663 554 446 
1664 554 446 
1665 553 447 
1666 553 447 
1667 553 447 
1668 554 446 
1669 553 447 
1670 555 445 
1671 554 446 
1672 556 444 
1673 555 445 
1674 556 444 
1675 554 446 
1676 554 446 
1677 552 448 
1678 553 447 
1679 552 448 
1680 554 446 
1681 553 447 
1682 553 447 
1683 552 448 
1684 552 448 
1685 552 448 
1686 551 449 
1687 552 448 
1688 553 447 
1689 553 447 
1690 553 447 
1691 554 446 
1692 554 446 
1693 553 447 
1694 552 448 
1695 552 448 
1696 551 449 
1697 552 448 
1698 552 448 
1699 552 448 
1700 552 448 
1701 552 448 
1702 552 448 
1703 555 445 
1704 553 447 
1705 554 446 
1706 552 448 
1707 552 448 
1708 552 448 
1709 552 448 
1710 551 449 
1711 552 448 
1712 551 449 
1713 552 448 
1714 552 448 
1715 553 447 
1716 552 448 
1717 553 447 
1718 552 448 
1719 553 447 
1720 552 448 
1721 554 446 
1722 552 448 
1723 553 447 
1724 552 448 
1725 553 447 
1726 552 448 
1727 554 446 
1728 553 447 
1729 555 445 
1730 554 446 
1731 553 447 
1732 552 448 
1733 552 448 
1734 552 448 
1735 553 447 
1736 552 448 
1737 551 449 
1738 551 449 
1739 553 447 
1740 552 448 
1741 553 447 
1742 551 449 
1743 552 448 
1744 551 449 
1745 553 447 
1746 553 447 
1747 554 446 
1748 553 447 
1749 554 446 
1750 553 447 
1751 554 446 
1752 553 447 
1753 555 445 
1754 555 445 
1755 556 444 
1756 556 444 
1757 555 445 
1758 554 446 
1759 555 445 
1760 555 445 
1761 555 445 
1762 555 445 
1763 556 444 
1764 556 444 
1765 558 442 
1766 557 443 
1767 558 442 
1768 559 441 
1769 561 439 
1770 560 440 
1771 561 439 
1772 561 439 
1773 563 437 
1774 561 439 
1775 562 438 
1776 561 439 
1777 562 438 
1778 560 440 
1779 562 438 
1780 562 438 
1781 562 438 
1782 562 438 
1783 564 436 
1784 564 436 
1785 565 435 
1786 563 437 
1787 564 436 
1788 563 437 
1789 564 436 
1790 563 437 
1791 564 436 
1792 563 437 
1793 563 437 
1794 563 437 
1795 564 436 
1796 565 435 
1797 562 438 
1798 562 438 
1799 560 440 
1800 561 439 
1801 559 441 
1802 560 440 
1803 559 441 
1804 560 440 
1805 558 442 
1806 559 441 
1807 558 442 
1808 560 440 
1809 560 440 
1810 560 440 
1811 559 441 
1812 561 439 
1813 561 439 
1814 561 439 
1815 559 441 
1816 561 439 
1817 559 441 
1818 560 440 
1819 559 441 
1820 559 441 
1821 557 443 
1822 558 442 
1823 556 444 
1824 557 443 
1825 557 443 
1826 557 443 
1827 558 442 
1828 558 442 
1829 556 444 
1830 557 443 
1831 555 445 
1832 555 445 
1833 555 445 
1834 556 444 
1835 555 445 
1836 558 442 
1837 558 442 
1838 560 440 
1839 558 442 
1840 559 441 
1841 558 442 
1842 559 441 
1843 558 442 
1844 559 441 
1845 558 442 
1846 559 441 
1847 557 443 
1848 557 443 
1849 557 443 
1850 557 443 
1851 557 443 
1852 557 443 
1853 556 444 
1854 557 443 
1855 555 445 
1856 556 444 
1857 555 445 
1858 556 444 
1859 555 445 
1860 556 444 
1861 555 445 
1862 556 444 
1863 556 444 
1864 557 443 
1865 556 444 
1866 557 443 
1867 556 444 
1868 558 442 
1869 557 443 
1870 556 444 
1871 555 445 
1872 556 444 
1873 555 445 
1874 557 443 
1875 555 445 
1876 556 444 
1877 557 443 
1878 558 442 
1879 556 444 
1880 557 443 
1881 556 444 
1882 557 443 
1883 556 444 
1884 558 442 
1885 557 443 
1886 558 442 
1887 557 443 
1888 558 442 
1889 556 444 
1890 557 443 
1891 556 444 
1892 557 443 
1893 555 445 
1894 559 441 
1895 559 441 
1896 560 440 
1897 559 441 
1898 561 439 
1899 556 444 
1900 557 443 
1901 556 444 
1902 557 443 
1903 556 444 
1904 556 444 
1905 555 445 
1906 556 444 
1907 554 446 
1908 557 443 
1909 558 442 
1910 559 441 
1911 558 442 
1912 560 440 
1913 557 443 
1914 559 441 
1915 559 441 
1916 560 440 
1917 558 442 
1918 559 441 
1919 559 441 
1920 560 440 
1921 559 441 
1922 562 438 
1923 559 441 
1924 563 437 
1925 561 439 
1926 563 437 
1927 562 438 
1928 564 436 
1929 560 440 
1930 562 438 
1931 559 441 
1932 561 439 
1933 559 441 
1934 561 439 
1935 560 440 
1936 561 439 
1937 560 440 
1938 563 437 
1939 563 437 
1940 564 436 
1941 560 440 
1942 562 438 
1943 560 440 
1944 563 437 
1945 560 440 
1946 562 438 
1947 560 440 
1948 563 437 
1949 561 439 
1950 563 437 
1951 561 439 
1952 563 437 
1953 562 438 
1954 563 437 
1955 562 438 
1956 562 438 
1957 561 439 
1958 563 437 
1959 562 438 
1960 563 437 
1961 562 438 
1962 563 437 
1963 562 438 
1964 563 437 
1965 561 439 
1966 562 438 
1967 562 438 
1968 563 437 
1969 562 438 
1970 562 438 
1971 561 439 
1972 563 437 
1973 562 438 
1974 563 437 
1975 562 438 
1976 563 437 
1977 562 438 
1978 564 436 
1979 563 437 
1980 564 436 
1981 563 437 
1982 565 435 
1983 564 436 
1984 563 437 
1985 561 439 
1986 562 438 
1987 560 440 
1988 562 438 
1989 560 440 
1990 560 440 
1991 559 441 
1992 561 439 
1993 560 440 
1994 562 438 
1995 562 438 
1996 563 437 
1997 562 438 
1998 563 437 
1999 562 438 
2000 564 436 
2001 564 436 
2002 565 435 
2003 564 436 
2004 566 434 
2005 564 436 
2006 565 435 
2007 564 436 
2008 565 435 
2009 564 436 
2010 565 435 
2011 564 436 
2012 566 434 
2013 565 435 
2014 566 434 
2015 564 436 
2016 565 435 
2017 563 437 
2018 564 436 
2019 563 437 
2020 564 436 
2021 564 436 
2022 564 436 
2023 563 437 
2024 564 436 
2025 563 437 
2026 563 437 
2027 562 438 
2028 564 436 
2029 563 437 
2030 565 435 
2031 563 437 
2032 564 436 
2033 563 437 
2034 564 436 
2035 564 436 
2036 566 434 
2037 565 435 
2038 565 435 
2039 564 436 
2040 565 435 
2041 564 436 
2042 565 435 
2043 564 436 
2044 565 435 
2045 563 437 
2046 564 436 
2047 563 437 
2048 563 437 
2049 562 438 
2050 563 437 
2051 562 438 
2052 563 437 
2053 564 436 
2054 565 435 
2055 564 436 
2056 564 436 
2057 562 438 
2058 563 437 
2059 563 437 
2060 563 437 
2061 563 437 
2062 563 437 
2063 563 437 
2064 564 436 
2065 564 436 
2066 564 436 
2067 564 436 
2068 562 438 
2069 561 439 
2070 561 439 
2071 561 439 
2072 561 439 
2073 561 439 
2074 560 440 
2075 561 439 
2076 561 439 
2077 562 438 
2078 560 440 
2079 560 440 
2080 560 440 
2081 561 439 
2082 560 440 
2083 560 440 
2084 559 441 
2085 560 440 
2086 558 442 
2087 559 441 
2088 558 442 
2089 559 441 
2090 556 444 
2091 556 444 
2092 555 445 
2093 556 444 
2094 555 445 
2095 556 444 
2096 552 448 
2097 553 447 
2098 552 448 
2099 554 446 
2100 551 449 
2101 552 448 
2102 551 449 
2103 552 448 
2104 553 447 
2105 554 446 
2106 554 446 
2107 556 444 
2108 555 445 
2109 555 445 
2110 552 448 
2111 554 446 
2112 553 447 
2113 554 446 
2114 554 446 
2115 555 445 
2116 555 445 
2117 555 445 
2118 555 445 
2119 557 443 
2120 558 442 
2121 559 441 
2122 558 442 
2123 558 442 
2124 558 442 
2125 558 442 
2126 558 442 
2127 558 442 
2128 559 441 
2129 557 443 
2130 557 443 
2131 557 443 
2132 557 443 
2133 558 442 
2134 558 442 
2135 558 442 
2136 560 440 
2137 559 441 
2138 559 441 
2139 558 442 
2140 558 442 
2141 557 443 
2142 556 444 
2143 557 443 
2144 557 443 
2145 557 443 
2146 557 443 
2147 557 443 
2148 557 443 
2149 557 443 
2150 558 442 
2151 557 443 
2152 556 444 
2153 556 444 
2154 557 443 
2155 557 443 
2156 557 443 
2157 557 443 
2158 558 442 
2159 558 442 
2160 559 441 
2161 558 442 
2162 558 442 
2163 559 441 
2164 559 441 
2165 557 443 
2166 557 443 
2167 557 443 
2168 558 442 
2169 558 442 
2170 557 443 
2171 555 445 
2172 555 445 
2173 555 445 
2174 553 447 
2175 553 447 
2176 553 447 
2177 553 447 
2178 553 447 
2179 554 446 
2180 554 446 
2181 554 446 
2182 553 447 
2183 553 447 
2184 553 447 
2185 552 448 
2186 553 447 
2187 553 447 
2188 552 448 
2189 553 447 
2190 551 449 
2191 553 447 
2192 553 447 
2193 554 446 
2194 554 446 
2195 554 446 
2196 552 448 
2197 552 448 
2198 551 449 
2199 553 447 
2200 553 447 
2201 551 449 
2202 549 451 
2203 550 450 
2204 551 449 
2205 552 448 
2206 551 449 
2207 551 449 
2208 549 451 
2209 549 451 
2210 549 451 
2211 549 451 
2212 547 453 
2213 547 453 
2214 548 452 
2215 547 453 
2216 548 452 
2217 548 452 
