0 2000 0 
1 1996 4 
2 1994 6 
3 1993 7 
4 1990 10 
5 1989 11 
6 1988 12 
7 1987 13 
8 1984 16 
9 1984 16 
10 1983 17 
11 1982 18 
12 1981 19 
13 1978 22 
14 1978 22 
15 1977 23 
16 1977 23 
17 1977 23 
18 1976 24 
19 1977 23 
20 1975 25 
21 1974 26 
22 1970 30 
23 1970 30 
24 1966 34 
25 1964 36 
26 1960 40 
27 1959 41 
28 1957 43 
29 1956 44 
30 1954 46 
31 1951 49 
32 1948 52 
33 1948 52 
34 1945 55 
35 1945 55 
36 1943 57 
37 1944 56 
38 1942 58 
39 1941 59 
40 1938 62 
41 1936 64 
42 1933 67 
43 1934 66 
44 1931 69 
45 1930 70 
46 1927 73 
47 1925 75 
48 1921 79 
49 1920 80 
50 1917 83 
51 1916 84 
52 1913 87 
53 1911 89 
54 1909 91 
55 1909 91 
56 1906 94 
57 1905 95 
58 1904 96 
59 1904 96 
60 1901 99 
61 1902 98 
62 1899 101 
63 1900 100 
64 1897 103 
65 1897 103 
66 1895 105 
67 1894 106 
68 1893 107 
69 1892 108 
70 1887 113 
71 1885 115 
72 1883 117 
73 1881 119 
74 1878 122 
75 1878 122 
76 1876 124 
77 1877 123 
78 1875 125 
79 1875 125 
80 1873 127 
81 1870 130 
82 1866 134 
83 1866 134 
84 1862 138 
85 1859 141 
86 1855 145 
87 1855 145 
88 1851 149 
89 1848 152 
90 1844 156 
91 1841 159 
92 1838 162 
93 1838 162 
94 1834 166 
95 1834 166 
96 1832 168 
97 1831 169 
98 1826 174 
99 1825 175 
100 1821 179 
101 1819 181 
102 1817 183 
103 1817 183 
104 1813 187 
105 1810 190 
106 1808 192 
107 1805 195 
108 1804 196 
109 1801 199 
110 1800 200 
111 1798 202 
112 1795 205 
113 1794 206 
114 1793 207 
115 1793 207 
116 1790 210 
117 1790 210 
118 1787 213 
119 1784 216 
120 1782 218 
121 1781 219 
122 1775 225 
123 1773 227 
124 1772 228 
125 1768 232 
126 1767 233 
127 1765 235 
128 1765 235 
129 1761 239 
130 1760 240 
131 1756 244 
132 1755 245 
133 1751 249 
134 1749 251 
135 1748 252 
136 1747 253 
137 1746 254 
138 1744 256 
139 1744 256 
140 1742 258 
141 1739 261 
142 1736 264 
143 1734 266 
144 1730 270 
145 1729 271 
146 1724 276 
147 1722 278 
148 1718 282 
149 1715 285 
150 1713 287 
151 1711 289 
152 1708 292 
153 1707 293 
154 1705 295 
155 1703 297 
156 1697 303 
157 1698 302 
158 1693 307 
159 1693 307 
160 1690 310 
161 1688 312 
162 1681 319 
163 1681 319 
164 1678 322 
165 1677 323 
166 1672 328 
167 1671 329 
168 1666 334 
169 1664 336 
170 1662 338 
171 1660 340 
172 1659 341 
173 1656 344 
174 1656 344 
175 1654 346 
176 1652 348 
177 1649 351 
178 1647 353 
179 1645 355 
180 1643 357 
181 1640 360 
182 1634 366 
183 1633 367 
184 1631 369 
185 1628 372 
186 1624 376 
187 1623 377 
188 1619 381 
189 1618 382 
190 1616 384 
191 1615 385 
192 1614 386 
193 1612 388 
194 1610 390 
195 1608 392 
196 1607 393 
197 1607 393 
198 1605 395 
199 1603 397 
200 1601 399 
201 1597 403 
202 1593 407 
203 1593 407 
204 1591 409 
205 1590 410 
206 1585 415 
207 1580 420 
208 1576 424 
209 1571 429 
210 1566 434 
211 1563 437 
212 1556 444 
213 1556 444 
214 1551 449 
215 1551 449 
216 1549 451 
217 1549 451 
218 1546 454 
219 1545 455 
220 1537 463 
221 1535 465 
222 1531 469 
223 1528 472 
224 1526 474 
225 1527 473 
226 1524 476 
227 1522 478 
228 1519 481 
229 1518 482 
230 1514 486 
231 1513 487 
232 1509 491 
233 1510 490 
234 1508 492 
235 1505 495 
236 1502 498 
237 1502 498 
238 1499 501 
239 1499 501 
240 1494 506 
241 1494 506 
242 1491 509 
243 1489 511 
244 1488 512 
245 1488 512 
246 1484 516 
247 1486 514 
248 1483 517 
249 1483 517 
250 1481 519 
251 1479 521 
252 1475 525 
253 1472 528 
254 1468 532 
255 1465 535 
256 1461 539 
257 1458 542 
258 1455 545 
259 1454 546 
260 1451 549 
261 1451 549 
262 1446 554 
263 1444 556 
264 1440 560 
265 1438 562 
266 1434 566 
267 1436 564 
268 1431 569 
269 1430 570 
270 1425 575 
271 1424 576 
272 1418 582 
273 1420 580 
274 1415 585 
275 1415 585 
276 1411 589 
277 1410 590 
278 1405 595 
279 1408 592 
280 1405 595 
281 1406 594 
282 1401 599 
283 1404 596 
284 1401 599 
285 1401 599 
286 1397 603 
287 1399 601 
288 1393 607 
289 1395 605 
290 1386 614 
291 1387 613 
292 1382 618 
293 1384 616 
294 1379 621 
295 1379 621 
296 1377 623 
297 1376 624 
298 1370 630 
299 1368 632 
300 1362 638 
301 1362 638 
302 1359 641 
303 1358 642 
304 1351 649 
305 1352 648 
306 1349 651 
307 1349 651 
308 1346 654 
309 1346 654 
310 1343 657 
311 1342 658 
312 1339 661 
313 1340 660 
314 1338 662 
315 1338 662 
316 1336 664 
317 1335 665 
318 1329 671 
319 1329 671 
320 1326 674 
321 1323 677 
322 1318 682 
323 1318 682 
324 1312 688 
325 1313 687 
326 1308 692 
327 1310 690 
328 1304 696 
329 1301 699 
330 1298 702 
331 1298 702 
332 1295 705 
333 1293 707 
334 1290 710 
335 1292 708 
336 1289 711 
337 1288 712 
338 1284 716 
339 1286 714 
340 1281 719 
341 1283 717 
342 1276 724 
343 1276 724 
344 1273 727 
345 1273 727 
346 1269 731 
347 1268 732 
348 1265 735 
349 1266 734 
350 1264 736 
351 1262 738 
352 1260 740 
353 1260 740 
354 1257 743 
355 1256 744 
356 1251 749 
357 1251 749 
358 1248 752 
359 1248 752 
360 1247 753 
361 1249 751 
362 1244 756 
363 1243 757 
364 1240 760 
365 1240 760 
366 1239 761 
367 1239 761 
368 1237 763 
369 1234 766 
370 1228 772 
371 1227 773 
372 1225 775 
373 1220 780 
374 1219 781 
375 1217 783 
376 1216 784 
377 1215 785 
378 1214 786 
379 1213 787 
380 1212 788 
381 1211 789 
382 1208 792 
383 1207 793 
384 1206 794 
385 1204 796 
386 1205 795 
387 1205 795 
388 1206 794 
389 1207 793 
390 1207 793 
391 1207 793 
392 1206 794 
393 1205 795 
394 1204 796 
395 1202 798 
396 1203 797 
397 1200 800 
398 1198 802 
399 1198 802 
400 1196 804 
401 1193 807 
402 1192 808 
403 1188 812 
404 1188 812 
405 1186 814 
406 1188 812 
407 1186 814 
408 1187 813 
409 1186 814 
410 1186 814 
411 1181 819 
412 1179 821 
413 1177 823 
414 1177 823 
415 1177 823 
416 1178 822 
417 1176 824 
418 1176 824 
419 1176 824 
420 1173 827 
421 1170 830 
422 1171 829 
423 1170 830 
424 1169 831 
425 1166 834 
426 1168 832 
427 1164 836 
428 1164 836 
429 1163 837 
430 1164 836 
431 1162 838 
432 1164 836 
433 1160 840 
434 1160 840 
435 1157 843 
436 1158 842 
437 1155 845 
438 1158 842 
439 1155 845 
440 1156 844 
441 1155 845 
442 1156 844 
443 1152 848 
444 1154 846 
445 1150 850 
446 1154 846 
447 1150 850 
448 1152 848 
449 1147 853 
450 1149 851 
451 1142 858 
452 1144 856 
453 1138 862 
454 1142 858 
455 1139 861 
456 1142 858 
457 1137 863 
458 1142 858 
459 1137 863 
460 1139 861 
461 1134 866 
462 1136 864 
463 1133 867 
464 1134 866 
465 1133 867 
466 1135 865 
467 1132 868 
468 1137 863 
469 1133 867 
470 1134 866 
471 1130 870 
472 1132 868 
473 1129 871 
474 1132 868 
475 1129 871 
476 1130 870 
477 1126 874 
478 1127 873 
479 1124 876 
480 1127 873 
481 1123 877 
482 1126 874 
483 1122 878 
484 1125 875 
485 1121 879 
486 1124 876 
487 1120 880 
488 1123 877 
489 1120 880 
490 1123 877 
491 1120 880 
492 1123 877 
493 1120 880 
494 1121 879 
495 1117 883 
496 1119 881 
497 1117 883 
498 1121 879 
499 1119 881 
500 1123 877 
501 1117 883 
502 1119 881 
503 1113 887 
504 1115 885 
505 1111 889 
506 1115 885 
507 1113 887 
508 1115 885 
509 1110 890 
510 1114 886 
511 1111 889 
512 1114 886 
513 1109 891 
514 1113 887 
515 1110 890 
516 1114 886 
517 1111 889 
518 1111 889 
519 1108 892 
520 1111 889 
521 1108 892 
522 1111 889 
523 1109 891 
524 1111 889 
525 1109 891 
526 1109 891 
527 1107 893 
528 1107 893 
529 1106 894 
530 1107 893 
531 1104 896 
532 1106 894 
533 1102 898 
534 1102 898 
535 1098 902 
536 1100 900 
537 1097 903 
538 1098 902 
539 1096 904 
540 1098 902 
541 1095 905 
542 1098 902 
543 1097 903 
544 1097 903 
545 1096 904 
546 1098 902 
