0 2000 0 
1 1997 3 
2 1996 4 
3 1993 7 
4 1990 10 
5 1986 14 
6 1984 16 
7 1980 20 
8 1979 21 
9 1977 23 
10 1974 26 
11 1970 30 
12 1971 29 
13 1966 34 
14 1966 34 
15 1963 37 
16 1962 38 
17 1955 45 
18 1954 46 
19 1953 47 
20 1950 50 
21 1949 51 
22 1945 55 
23 1943 57 
24 1943 57 
25 1941 59 
26 1941 59 
27 1939 61 
28 1937 63 
29 1934 66 
30 1932 68 
31 1930 70 
32 1926 74 
33 1924 76 
34 1922 78 
35 1920 80 
36 1919 81 
37 1919 81 
38 1915 85 
39 1912 88 
40 1909 91 
41 1908 92 
42 1904 96 
43 1902 98 
44 1897 103 
45 1895 105 
46 1893 107 
47 1891 109 
48 1888 112 
49 1884 116 
50 1884 116 
51 1883 117 
52 1882 118 
53 1879 121 
54 1875 125 
55 1873 127 
56 1870 130 
57 1866 134 
58 1864 136 
59 1862 138 
60 1859 141 
61 1858 142 
62 1855 145 
63 1853 147 
64 1847 153 
65 1846 154 
66 1844 156 
67 1844 156 
68 1840 160 
69 1838 162 
70 1835 165 
71 1831 169 
72 1830 170 
73 1827 173 
74 1825 175 
75 1823 177 
76 1821 179 
77 1819 181 
78 1817 183 
79 1817 183 
80 1816 184 
81 1814 186 
82 1811 189 
83 1811 189 
84 1808 192 
85 1802 198 
86 1797 203 
87 1791 209 
88 1789 211 
89 1787 213 
90 1785 215 
91 1783 217 
92 1782 218 
93 1780 220 
94 1778 222 
95 1775 225 
96 1772 228 
97 1768 232 
98 1762 238 
99 1760 240 
100 1755 245 
101 1751 249 
102 1747 253 
103 1745 255 
104 1745 255 
105 1742 258 
106 1737 263 
107 1735 265 
108 1731 269 
109 1726 274 
110 1722 278 
111 1717 283 
112 1707 293 
113 1706 294 
114 1701 299 
115 1696 304 
116 1693 307 
117 1691 309 
118 1687 313 
119 1684 316 
120 1680 320 
121 1675 325 
122 1672 328 
123 1671 329 
124 1666 334 
125 1661 339 
126 1657 343 
127 1654 346 
128 1649 351 
129 1646 354 
130 1645 355 
131 1642 358 
132 1637 363 
133 1635 365 
134 1631 369 
135 1631 369 
136 1623 377 
137 1622 378 
138 1617 383 
139 1618 382 
140 1612 388 
141 1610 390 
142 1606 394 
143 1606 394 
144 1602 398 
145 1600 400 
146 1594 406 
147 1594 406 
148 1588 412 
149 1589 411 
150 1585 415 
151 1583 417 
152 1577 423 
153 1576 424 
154 1569 431 
155 1569 431 
156 1564 436 
157 1562 438 
158 1559 441 
159 1556 444 
160 1550 450 
161 1548 452 
162 1545 455 
163 1543 457 
164 1540 460 
165 1538 462 
166 1535 465 
167 1533 467 
168 1530 470 
169 1527 473 
170 1523 477 
171 1521 479 
172 1516 484 
173 1515 485 
174 1511 489 
175 1509 491 
176 1505 495 
177 1502 498 
178 1498 502 
179 1496 504 
180 1493 507 
181 1489 511 
182 1485 515 
183 1482 518 
184 1473 527 
185 1472 528 
186 1464 536 
187 1462 538 
188 1455 545 
189 1455 545 
190 1446 554 
191 1442 558 
192 1438 562 
193 1435 565 
194 1431 569 
195 1428 572 
196 1427 573 
197 1422 578 
198 1415 585 
199 1413 587 
200 1406 594 
201 1404 596 
202 1401 599 
203 1399 601 
204 1393 607 
205 1390 610 
206 1386 614 
207 1385 615 
208 1383 617 
209 1380 620 
210 1378 622 
211 1375 625 
212 1370 630 
213 1364 636 
214 1360 640 
215 1357 643 
216 1351 649 
217 1351 649 
218 1342 658 
219 1340 660 
220 1337 663 
221 1336 664 
222 1332 668 
223 1330 670 
224 1326 674 
225 1326 674 
226 1320 680 
227 1322 678 
228 1317 683 
229 1318 682 
230 1311 689 
231 1306 694 
232 1300 700 
233 1300 700 
234 1295 705 
235 1293 707 
236 1287 713 
237 1284 716 
238 1280 720 
239 1278 722 
240 1275 725 
241 1274 726 
242 1271 729 
243 1271 729 
244 1268 732 
245 1267 733 
246 1262 738 
247 1258 742 
248 1253 747 
249 1249 751 
250 1242 758 
251 1240 760 
252 1232 768 
253 1231 769 
254 1228 772 
255 1229 771 
256 1227 773 
257 1226 774 
258 1225 775 
259 1224 776 
260 1221 779 
261 1220 780 
262 1217 783 
263 1218 782 
264 1215 785 
265 1214 786 
266 1215 785 
267 1211 789 
268 1209 791 
269 1208 792 
270 1207 793 
271 1206 794 
272 1202 798 
273 1195 805 
274 1192 808 
275 1190 810 
276 1191 809 
277 1187 813 
278 1188 812 
279 1182 818 
280 1180 820 
281 1179 821 
282 1177 823 
283 1172 828 
284 1173 827 
285 1167 833 
286 1164 836 
287 1159 841 
288 1160 840 
289 1158 842 
290 1156 844 
291 1150 850 
292 1151 849 
293 1146 854 
294 1144 856 
295 1142 858 
296 1139 861 
297 1135 865 
298 1131 869 
299 1128 872 
300 1126 874 
301 1122 878 
302 1121 879 
303 1117 883 
304 1114 886 
305 1112 888 
306 1111 889 
307 1109 891 
308 1110 890 
309 1105 895 
310 1102 898 
311 1098 902 
312 1097 903 
313 1094 906 
314 1093 907 
315 1090 910 
316 1093 907 
317 1087 913 
318 1089 911 
319 1086 914 
320 1083 917 
