0 2000 0 
1 1996 4 
2 1987 13 
3 1982 18 
4 1974 26 
5 1970 30 
6 1959 41 
7 1952 48 
8 1940 60 
9 1934 66 
10 1929 71 
11 1921 79 
12 1914 86 
13 1909 91 
14 1902 98 
15 1893 107 
16 1885 115 
17 1876 124 
18 1864 136 
19 1859 141 
20 1849 151 
21 1843 157 
22 1836 164 
23 1834 166 
24 1829 171 
25 1824 176 
26 1821 179 
27 1814 186 
28 1805 195 
29 1801 199 
30 1790 210 
31 1782 218 
32 1777 223 
33 1769 231 
34 1761 239 
35 1755 245 
36 1744 256 
37 1736 264 
38 1731 269 
39 1726 274 
40 1722 278 
41 1717 283 
42 1709 291 
43 1699 301 
44 1697 303 
45 1691 309 
46 1685 315 
47 1680 320 
48 1672 328 
49 1669 331 
50 1668 332 
51 1660 340 
52 1655 345 
53 1650 350 
54 1640 360 
55 1635 365 
56 1630 370 
57 1627 373 
58 1619 381 
59 1608 392 
60 1604 396 
61 1599 401 
62 1593 407 
63 1585 415 
64 1576 424 
65 1566 434 
66 1561 439 
67 1555 445 
68 1548 452 
69 1542 458 
70 1535 465 
71 1528 472 
72 1523 477 
73 1519 481 
74 1512 488 
75 1508 492 
76 1501 499 
77 1494 506 
78 1491 509 
79 1489 511 
80 1483 517 
81 1479 521 
82 1475 525 
83 1466 534 
84 1461 539 
85 1455 545 
86 1449 551 
87 1441 559 
88 1434 566 
89 1429 571 
90 1418 582 
91 1409 591 
92 1405 595 
93 1399 601 
94 1392 608 
95 1381 619 
96 1373 627 
97 1365 635 
98 1360 640 
99 1351 649 
100 1341 659 
101 1335 665 
102 1331 669 
103 1324 676 
104 1318 682 
105 1313 687 
106 1303 697 
107 1298 702 
108 1288 712 
109 1279 721 
110 1270 730 
111 1265 735 
112 1258 742 
113 1252 748 
114 1245 755 
115 1240 760 
116 1233 767 
117 1226 774 
118 1216 784 
119 1205 795 
120 1195 805 
121 1187 813 
122 1178 822 
123 1173 827 
124 1161 839 
125 1155 845 
126 1151 849 
127 1146 854 
128 1141 859 
129 1138 862 
130 1127 873 
131 1116 884 
132 1112 888 
133 1108 892 
134 1097 903 
135 1087 913 
136 1080 920 
137 1074 926 
138 1070 930 
139 1063 937 
140 1058 942 
141 1053 947 
142 1047 953 
143 1041 959 
