0 2000 0 
1 1998 2 
2 1999 1 
3 1999 1 
4 1997 3 
5 1996 4 
6 1995 5 
7 1995 5 
8 1995 5 
9 1994 6 
10 1992 8 
11 1991 9 
12 1991 9 
13 1990 10 
14 1990 10 
15 1988 12 
16 1988 12 
17 1988 12 
18 1987 13 
19 1986 14 
20 1984 16 
21 1984 16 
22 1983 17 
23 1982 18 
24 1980 20 
25 1979 21 
26 1977 23 
27 1977 23 
28 1977 23 
29 1977 23 
30 1976 24 
31 1973 27 
32 1973 27 
33 1973 27 
34 1971 29 
35 1969 31 
36 1968 32 
37 1966 34 
38 1964 36 
39 1962 38 
40 1962 38 
41 1961 39 
42 1960 40 
43 1960 40 
44 1960 40 
45 1959 41 
46 1959 41 
47 1958 42 
48 1957 43 
49 1955 45 
50 1954 46 
51 1953 47 
52 1953 47 
53 1952 48 
54 1949 51 
55 1949 51 
56 1947 53 
57 1945 55 
58 1944 56 
59 1941 59 
60 1940 60 
61 1939 61 
62 1938 62 
63 1935 65 
64 1935 65 
65 1934 66 
66 1933 67 
67 1933 67 
68 1933 67 
69 1933 67 
70 1933 67 
71 1929 71 
72 1929 71 
73 1927 73 
74 1927 73 
75 1926 74 
76 1924 76 
77 1924 76 
78 1921 79 
79 1920 80 
80 1918 82 
81 1917 83 
82 1915 85 
83 1913 87 
84 1913 87 
85 1911 89 
86 1911 89 
87 1911 89 
88 1911 89 
89 1909 91 
90 1907 93 
91 1907 93 
92 1906 94 
93 1906 94 
94 1904 96 
95 1904 96 
96 1903 97 
97 1901 99 
98 1898 102 
99 1897 103 
100 1895 105 
101 1892 108 
102 1892 108 
103 1891 109 
104 1891 109 
105 1889 111 
106 1889 111 
107 1887 113 
108 1887 113 
109 1886 114 
110 1886 114 
111 1885 115 
112 1885 115 
113 1882 118 
114 1878 122 
115 1876 124 
116 1875 125 
117 1873 127 
118 1872 128 
119 1870 130 
120 1868 132 
121 1868 132 
122 1868 132 
123 1866 134 
124 1866 134 
125 1866 134 
126 1865 135 
127 1864 136 
128 1863 137 
129 1863 137 
130 1863 137 
131 1861 139 
132 1859 141 
133 1859 141 
134 1857 143 
135 1856 144 
136 1855 145 
137 1854 146 
138 1853 147 
139 1852 148 
140 1852 148 
141 1851 149 
142 1850 150 
143 1850 150 
144 1850 150 
145 1850 150 
146 1849 151 
147 1848 152 
148 1845 155 
149 1843 157 
150 1842 158 
151 1842 158 
152 1841 159 
153 1840 160 
154 1838 162 
155 1836 164 
156 1835 165 
157 1835 165 
158 1833 167 
159 1832 168 
160 1831 169 
161 1831 169 
162 1829 171 
163 1828 172 
164 1826 174 
165 1826 174 
166 1825 175 
167 1822 178 
168 1822 178 
169 1822 178 
170 1820 180 
171 1819 181 
172 1818 182 
173 1817 183 
174 1816 184 
175 1815 185 
176 1814 186 
177 1813 187 
178 1812 188 
179 1810 190 
180 1809 191 
181 1806 194 
182 1802 198 
183 1802 198 
184 1801 199 
185 1799 201 
186 1798 202 
187 1796 204 
188 1795 205 
189 1795 205 
190 1793 207 
191 1791 209 
192 1786 214 
193 1781 219 
194 1778 222 
195 1777 223 
196 1777 223 
197 1777 223 
198 1777 223 
199 1776 224 
200 1776 224 
201 1774 226 
202 1773 227 
203 1770 230 
204 1767 233 
205 1766 234 
206 1766 234 
207 1764 236 
208 1763 237 
209 1763 237 
210 1763 237 
211 1763 237 
212 1760 240 
213 1759 241 
214 1757 243 
215 1757 243 
216 1755 245 
217 1754 246 
218 1753 247 
219 1753 247 
220 1753 247 
221 1753 247 
222 1750 250 
223 1750 250 
224 1748 252 
225 1746 254 
226 1745 255 
227 1744 256 
228 1740 260 
229 1740 260 
230 1739 261 
231 1738 262 
232 1736 264 
233 1736 264 
234 1735 265 
235 1734 266 
236 1734 266 
237 1732 268 
238 1732 268 
239 1730 270 
240 1729 271 
241 1726 274 
242 1725 275 
243 1725 275 
244 1723 277 
245 1723 277 
246 1721 279 
247 1719 281 
248 1717 283 
249 1715 285 
250 1715 285 
251 1713 287 
252 1713 287 
253 1712 288 
254 1711 289 
255 1710 290 
256 1707 293 
257 1707 293 
258 1705 295 
259 1704 296 
260 1704 296 
261 1702 298 
262 1702 298 
263 1701 299 
264 1701 299 
265 1699 301 
266 1698 302 
267 1696 304 
268 1696 304 
269 1694 306 
270 1694 306 
271 1693 307 
272 1693 307 
273 1692 308 
274 1691 309 
275 1690 310 
276 1689 311 
277 1688 312 
278 1687 313 
279 1685 315 
280 1685 315 
281 1684 316 
282 1681 319 
283 1682 318 
284 1679 321 
285 1679 321 
286 1678 322 
287 1677 323 
288 1677 323 
289 1677 323 
290 1675 325 
291 1675 325 
292 1674 326 
293 1672 328 
294 1671 329 
295 1671 329 
296 1671 329 
297 1671 329 
298 1671 329 
299 1670 330 
300 1670 330 
301 1669 331 
302 1668 332 
303 1667 333 
304 1666 334 
305 1666 334 
306 1662 338 
307 1662 338 
308 1659 341 
309 1656 344 
310 1655 345 
311 1653 347 
312 1653 347 
313 1652 348 
314 1652 348 
315 1650 350 
316 1648 352 
317 1648 352 
318 1647 353 
319 1646 354 
320 1645 355 
321 1645 355 
322 1645 355 
323 1644 356 
324 1644 356 
325 1644 356 
326 1642 358 
327 1641 359 
328 1639 361 
329 1639 361 
330 1636 364 
331 1636 364 
332 1636 364 
333 1635 365 
334 1634 366 
335 1631 369 
336 1631 369 
337 1627 373 
338 1626 374 
339 1624 376 
340 1623 377 
341 1623 377 
342 1622 378 
343 1621 379 
344 1618 382 
345 1617 383 
346 1616 384 
347 1616 384 
348 1615 385 
349 1612 388 
350 1611 389 
351 1609 391 
352 1609 391 
353 1608 392 
354 1607 393 
355 1604 396 
356 1601 399 
357 1601 399 
358 1599 401 
359 1596 404 
360 1594 406 
361 1593 407 
362 1592 408 
363 1592 408 
364 1588 412 
365 1588 412 
366 1587 413 
367 1585 415 
368 1584 416 
369 1582 418 
370 1581 419 
371 1580 420 
372 1577 423 
373 1576 424 
374 1576 424 
375 1574 426 
376 1573 427 
377 1571 429 
378 1570 430 
379 1570 430 
380 1569 431 
381 1569 431 
382 1569 431 
383 1569 431 
384 1568 432 
385 1569 431 
386 1569 431 
387 1568 432 
388 1568 432 
389 1568 432 
390 1567 433 
391 1567 433 
392 1566 434 
393 1565 435 
394 1564 436 
395 1562 438 
396 1561 439 
397 1561 439 
398 1560 440 
399 1560 440 
400 1558 442 
401 1558 442 
402 1557 443 
403 1556 444 
404 1556 444 
405 1557 443 
406 1555 445 
407 1555 445 
408 1553 447 
409 1553 447 
410 1551 449 
411 1549 451 
412 1546 454 
413 1547 453 
414 1546 454 
415 1546 454 
416 1544 456 
417 1545 455 
418 1543 457 
419 1545 455 
420 1544 456 
421 1542 458 
422 1540 460 
423 1541 459 
424 1540 460 
425 1540 460 
426 1537 463 
427 1537 463 
428 1535 465 
429 1537 463 
430 1534 466 
431 1534 466 
432 1530 470 
433 1533 467 
434 1528 472 
435 1530 470 
436 1527 473 
437 1529 471 
438 1525 475 
439 1526 474 
440 1524 476 
441 1525 475 
442 1522 478 
443 1524 476 
444 1517 483 
445 1519 481 
446 1517 483 
447 1519 481 
448 1517 483 
449 1518 482 
450 1513 487 
451 1512 488 
452 1510 490 
453 1510 490 
454 1507 493 
455 1508 492 
456 1506 494 
457 1507 493 
458 1504 496 
459 1506 494 
460 1503 497 
461 1503 497 
462 1501 499 
463 1503 497 
464 1498 502 
465 1499 501 
466 1496 504 
467 1496 504 
468 1494 506 
469 1496 504 
470 1493 507 
471 1494 506 
472 1490 510 
473 1491 509 
474 1489 511 
475 1489 511 
476 1485 515 
477 1485 515 
478 1482 518 
479 1481 519 
480 1477 523 
481 1478 522 
482 1475 525 
483 1476 524 
484 1473 527 
485 1474 526 
486 1472 528 
487 1474 526 
488 1472 528 
489 1474 526 
490 1470 530 
491 1470 530 
492 1466 534 
493 1468 532 
494 1465 535 
495 1467 533 
496 1466 534 
497 1467 533 
498 1465 535 
499 1463 537 
500 1462 538 
501 1462 538 
502 1462 538 
503 1463 537 
504 1462 538 
505 1462 538 
506 1459 541 
507 1459 541 
508 1457 543 
509 1456 544 
510 1453 547 
511 1453 547 
512 1451 549 
513 1450 550 
514 1449 551 
515 1450 550 
516 1449 551 
517 1450 550 
518 1448 552 
519 1449 551 
520 1446 554 
521 1446 554 
522 1445 555 
523 1446 554 
524 1444 556 
525 1445 555 
526 1443 557 
527 1441 559 
528 1440 560 
529 1441 559 
530 1438 562 
531 1438 562 
532 1435 565 
533 1435 565 
534 1435 565 
535 1436 564 
536 1432 568 
537 1431 569 
538 1428 572 
539 1428 572 
540 1426 574 
541 1427 573 
542 1426 574 
543 1427 573 
544 1426 574 
545 1427 573 
546 1426 574 
547 1427 573 
548 1426 574 
549 1424 576 
550 1423 577 
551 1424 576 
552 1421 579 
553 1421 579 
554 1419 581 
555 1420 580 
556 1418 582 
557 1420 580 
558 1419 581 
559 1420 580 
560 1417 583 
561 1417 583 
562 1416 584 
563 1413 587 
564 1412 588 
565 1413 587 
566 1412 588 
567 1413 587 
568 1411 589 
569 1409 591 
570 1407 593 
571 1407 593 
572 1405 595 
573 1405 595 
574 1404 596 
575 1405 595 
576 1402 598 
577 1402 598 
578 1401 599 
579 1402 598 
580 1400 600 
581 1401 599 
582 1398 602 
583 1396 604 
584 1397 603 
585 1398 602 
586 1399 601 
587 1398 602 
588 1398 602 
589 1398 602 
590 1397 603 
591 1397 603 
592 1396 604 
593 1396 604 
594 1396 604 
595 1394 606 
596 1394 606 
597 1394 606 
598 1393 607 
599 1393 607 
600 1391 609 
601 1390 610 
602 1390 610 
603 1389 611 
604 1389 611 
605 1387 613 
606 1388 612 
607 1385 615 
608 1387 613 
609 1384 616 
610 1385 615 
611 1382 618 
612 1384 616 
613 1380 620 
614 1382 618 
615 1380 620 
616 1380 620 
617 1377 623 
618 1379 621 
619 1377 623 
620 1377 623 
621 1374 626 
622 1377 623 
623 1375 625 
624 1376 624 
625 1373 627 
626 1376 624 
627 1374 626 
628 1376 624 
629 1374 626 
630 1376 624 
631 1374 626 
632 1377 623 
633 1374 626 
634 1378 622 
635 1376 624 
636 1377 623 
637 1373 627 
638 1374 626 
639 1371 629 
640 1370 630 
641 1367 633 
642 1369 631 
643 1367 633 
644 1368 632 
645 1366 634 
646 1367 633 
647 1365 635 
648 1366 634 
649 1363 637 
650 1365 635 
651 1362 638 
652 1363 637 
653 1361 639 
654 1363 637 
655 1359 641 
656 1361 639 
657 1358 642 
658 1359 641 
659 1357 643 
660 1359 641 
661 1357 643 
662 1358 642 
663 1354 646 
664 1356 644 
665 1354 646 
666 1353 647 
667 1351 649 
668 1355 645 
669 1352 648 
670 1352 648 
671 1349 651 
672 1351 649 
673 1349 651 
674 1349 651 
675 1347 653 
676 1345 655 
677 1344 656 
678 1345 655 
679 1344 656 
680 1344 656 
681 1341 659 
682 1342 658 
683 1340 660 
684 1340 660 
685 1338 662 
686 1338 662 
687 1336 664 
688 1336 664 
689 1333 667 
690 1333 667 
691 1331 669 
692 1332 668 
693 1331 669 
694 1332 668 
695 1330 670 
696 1330 670 
697 1329 671 
698 1330 670 
699 1328 672 
700 1329 671 
701 1327 673 
702 1330 670 
703 1328 672 
704 1326 674 
705 1325 675 
706 1326 674 
707 1323 677 
708 1324 676 
709 1322 678 
710 1323 677 
711 1322 678 
712 1324 676 
713 1320 680 
714 1320 680 
715 1318 682 
716 1318 682 
717 1317 683 
718 1318 682 
719 1317 683 
720 1318 682 
721 1317 683 
722 1317 683 
723 1315 685 
724 1316 684 
725 1314 686 
726 1315 685 
727 1312 688 
728 1313 687 
729 1312 688 
730 1313 687 
731 1310 690 
732 1310 690 
733 1310 690 
734 1310 690 
735 1309 691 
736 1308 692 
737 1307 693 
738 1308 692 
739 1305 695 
740 1305 695 
741 1303 697 
742 1304 696 
743 1304 696 
744 1304 696 
745 1303 697 
746 1300 700 
747 1298 702 
748 1297 703 
749 1294 706 
750 1294 706 
751 1292 708 
752 1292 708 
753 1290 710 
754 1290 710 
755 1289 711 
756 1290 710 
757 1289 711 
758 1290 710 
759 1289 711 
760 1289 711 
761 1287 713 
762 1287 713 
763 1283 717 
764 1285 715 
765 1285 715 
766 1286 714 
767 1285 715 
768 1285 715 
769 1283 717 
770 1285 715 
771 1282 718 
772 1282 718 
773 1280 720 
774 1281 719 
775 1279 721 
776 1278 722 
777 1276 724 
778 1277 723 
779 1276 724 
780 1274 726 
781 1275 725 
782 1274 726 
783 1274 726 
784 1273 727 
785 1273 727 
786 1272 728 
787 1272 728 
788 1270 730 
789 1268 732 
790 1268 732 
791 1266 734 
792 1267 733 
793 1264 736 
794 1263 737 
795 1262 738 
796 1262 738 
797 1260 740 
798 1261 739 
799 1259 741 
800 1261 739 
801 1258 742 
802 1259 741 
803 1258 742 
804 1259 741 
805 1258 742 
806 1259 741 
807 1258 742 
808 1257 743 
809 1255 745 
810 1256 744 
811 1254 746 
812 1257 743 
813 1256 744 
814 1257 743 
815 1256 744 
816 1256 744 
817 1255 745 
818 1252 748 
819 1251 749 
820 1250 750 
821 1249 751 
822 1250 750 
823 1246 754 
824 1247 753 
825 1247 753 
826 1248 752 
827 1247 753 
828 1246 754 
829 1244 756 
830 1245 755 
831 1244 756 
832 1246 754 
833 1245 755 
834 1247 753 
835 1245 755 
836 1246 754 
837 1244 756 
838 1245 755 
839 1245 755 
840 1244 756 
841 1242 758 
842 1241 759 
843 1240 760 
844 1241 759 
845 1240 760 
846 1239 761 
847 1238 762 
848 1239 761 
849 1239 761 
850 1238 762 
851 1237 763 
852 1238 762 
853 1236 764 
854 1238 762 
855 1234 766 
856 1235 765 
857 1234 766 
858 1235 765 
859 1234 766 
860 1235 765 
861 1234 766 
862 1235 765 
863 1234 766 
864 1234 766 
865 1233 767 
866 1233 767 
867 1232 768 
868 1233 767 
869 1233 767 
870 1233 767 
871 1232 768 
872 1232 768 
873 1229 771 
874 1230 770 
875 1230 770 
876 1231 769 
877 1230 770 
878 1231 769 
879 1227 773 
880 1228 772 
881 1227 773 
882 1228 772 
883 1225 775 
884 1225 775 
885 1223 777 
886 1221 779 
887 1220 780 
888 1222 778 
889 1221 779 
890 1221 779 
891 1220 780 
892 1220 780 
893 1219 781 
894 1219 781 
895 1217 783 
896 1217 783 
897 1216 784 
898 1218 782 
899 1215 785 
900 1216 784 
901 1215 785 
902 1216 784 
903 1215 785 
904 1215 785 
905 1214 786 
906 1215 785 
907 1215 785 
908 1215 785 
909 1212 788 
910 1213 787 
911 1211 789 
912 1212 788 
913 1210 790 
914 1211 789 
915 1210 790 
916 1210 790 
917 1210 790 
918 1210 790 
919 1209 791 
920 1210 790 
921 1209 791 
922 1210 790 
923 1209 791 
924 1211 789 
925 1210 790 
926 1211 789 
927 1210 790 
928 1208 792 
929 1206 794 
930 1207 793 
931 1205 795 
932 1206 794 
933 1205 795 
934 1205 795 
935 1204 796 
936 1204 796 
937 1201 799 
938 1202 798 
939 1202 798 
940 1201 799 
941 1200 800 
942 1201 799 
943 1198 802 
944 1198 802 
945 1196 804 
946 1196 804 
947 1195 805 
948 1196 804 
949 1195 805 
950 1196 804 
951 1195 805 
952 1197 803 
953 1195 805 
954 1195 805 
955 1194 806 
956 1196 804 
957 1194 806 
958 1197 803 
959 1195 805 
960 1197 803 
961 1195 805 
962 1198 802 
963 1193 807 
964 1193 807 
965 1191 809 
966 1193 807 
967 1192 808 
968 1192 808 
969 1191 809 
970 1190 810 
971 1189 811 
972 1189 811 
973 1188 812 
974 1188 812 
975 1187 813 
976 1188 812 
977 1186 814 
978 1187 813 
979 1186 814 
980 1186 814 
981 1184 816 
982 1186 814 
983 1185 815 
984 1185 815 
985 1184 816 
986 1186 814 
987 1184 816 
988 1184 816 
989 1182 818 
990 1182 818 
991 1180 820 
992 1179 821 
993 1176 824 
994 1176 824 
995 1176 824 
996 1178 822 
997 1177 823 
998 1179 821 
999 1178 822 
1000 1178 822 
1001 1177 823 
1002 1178 822 
1003 1178 822 
1004 1179 821 
1005 1177 823 
1006 1178 822 
1007 1177 823 
1008 1178 822 
1009 1176 824 
1010 1178 822 
1011 1177 823 
1012 1177 823 
1013 1177 823 
1014 1177 823 
1015 1175 825 
1016 1176 824 
1017 1175 825 
1018 1176 824 
1019 1174 826 
1020 1174 826 
1021 1173 827 
1022 1173 827 
1023 1172 828 
1024 1172 828 
1025 1171 829 
1026 1174 826 
1027 1173 827 
1028 1175 825 
1029 1174 826 
1030 1176 824 
1031 1175 825 
1032 1177 823 
1033 1175 825 
1034 1177 823 
1035 1176 824 
1036 1176 824 
1037 1176 824 
1038 1177 823 
1039 1174 826 
1040 1174 826 
1041 1173 827 
1042 1174 826 
1043 1171 829 
1044 1173 827 
1045 1172 828 
1046 1173 827 
1047 1172 828 
1048 1173 827 
1049 1172 828 
1050 1174 826 
1051 1172 828 
1052 1173 827 
1053 1172 828 
1054 1173 827 
1055 1171 829 
1056 1172 828 
1057 1171 829 
1058 1171 829 
1059 1169 831 
1060 1170 830 
1061 1170 830 
1062 1172 828 
1063 1169 831 
1064 1170 830 
1065 1169 831 
1066 1169 831 
1067 1167 833 
1068 1167 833 
1069 1163 837 
1070 1163 837 
1071 1162 838 
1072 1163 837 
1073 1163 837 
1074 1163 837 
1075 1163 837 
1076 1164 836 
1077 1161 839 
1078 1162 838 
1079 1161 839 
1080 1163 837 
1081 1162 838 
1082 1164 836 
1083 1163 837 
1084 1163 837 
1085 1163 837 
1086 1165 835 
1087 1162 838 
1088 1163 837 
1089 1162 838 
1090 1163 837 
1091 1160 840 
1092 1162 838 
1093 1161 839 
1094 1161 839 
1095 1160 840 
1096 1161 839 
1097 1160 840 
1098 1161 839 
1099 1160 840 
1100 1161 839 
1101 1160 840 
1102 1160 840 
1103 1160 840 
1104 1161 839 
1105 1160 840 
1106 1161 839 
1107 1160 840 
1108 1161 839 
1109 1160 840 
1110 1162 838 
1111 1161 839 
1112 1163 837 
1113 1160 840 
1114 1160 840 
1115 1158 842 
1116 1159 841 
1117 1160 840 
1118 1160 840 
1119 1159 841 
1120 1160 840 
1121 1158 842 
1122 1158 842 
1123 1156 844 
1124 1157 843 
1125 1155 845 
1126 1154 846 
1127 1153 847 
1128 1156 844 
1129 1154 846 
1130 1154 846 
1131 1154 846 
1132 1155 845 
1133 1156 844 
1134 1154 846 
1135 1154 846 
1136 1155 845 
1137 1156 844 
1138 1157 843 
1139 1157 843 
1140 1158 842 
1141 1158 842 
1142 1158 842 
1143 1158 842 
1144 1158 842 
1145 1157 843 
1146 1156 844 
1147 1155 845 
1148 1155 845 
1149 1156 844 
1150 1156 844 
1151 1156 844 
1152 1157 843 
1153 1157 843 
1154 1156 844 
1155 1156 844 
1156 1155 845 
1157 1155 845 
1158 1155 845 
1159 1156 844 
1160 1155 845 
1161 1156 844 
1162 1155 845 
1163 1156 844 
1164 1154 846 
1165 1155 845 
1166 1154 846 
1167 1155 845 
1168 1156 844 
1169 1157 843 
1170 1157 843 
1171 1158 842 
1172 1155 845 
1173 1155 845 
1174 1155 845 
1175 1155 845 
1176 1154 846 
1177 1155 845 
1178 1155 845 
1179 1155 845 
1180 1154 846 
1181 1153 847 
1182 1152 848 
1183 1153 847 
1184 1151 849 
1185 1152 848 
1186 1150 850 
1187 1151 849 
1188 1149 851 
1189 1150 850 
1190 1149 851 
1191 1147 853 
1192 1146 854 
1193 1148 852 
1194 1148 852 
1195 1148 852 
1196 1147 853 
1197 1148 852 
1198 1147 853 
1199 1148 852 
1200 1147 853 
1201 1149 851 
1202 1150 850 
1203 1151 849 
1204 1150 850 
1205 1152 848 
1206 1151 849 
1207 1152 848 
1208 1151 849 
1209 1150 850 
1210 1148 852 
1211 1149 851 
1212 1149 851 
1213 1149 851 
1214 1150 850 
1215 1151 849 
1216 1150 850 
1217 1150 850 
1218 1150 850 
1219 1151 849 
1220 1151 849 
1221 1153 847 
1222 1154 846 
1223 1155 845 
1224 1154 846 
1225 1153 847 
1226 1153 847 
1227 1151 849 
1228 1150 850 
1229 1150 850 
1230 1150 850 
1231 1151 849 
1232 1150 850 
1233 1152 848 
1234 1151 849 
1235 1152 848 
1236 1150 850 
1237 1152 848 
1238 1152 848 
1239 1153 847 
1240 1153 847 
1241 1155 845 
1242 1153 847 
1243 1154 846 
1244 1153 847 
1245 1154 846 
1246 1152 848 
1247 1151 849 
1248 1150 850 
1249 1150 850 
1250 1148 852 
1251 1149 851 
1252 1147 853 
1253 1149 851 
1254 1148 852 
1255 1151 849 
1256 1151 849 
1257 1150 850 
1258 1150 850 
1259 1148 852 
1260 1148 852 
1261 1147 853 
1262 1148 852 
1263 1147 853 
1264 1148 852 
1265 1150 850 
1266 1151 849 
1267 1150 850 
1268 1152 848 
1269 1152 848 
1270 1152 848 
1271 1153 847 
1272 1154 846 
1273 1151 849 
1274 1150 850 
1275 1148 852 
1276 1145 855 
1277 1145 855 
1278 1147 853 
1279 1147 853 
1280 1148 852 
1281 1148 852 
1282 1148 852 
1283 1149 851 
1284 1149 851 
1285 1149 851 
1286 1149 851 
1287 1148 852 
1288 1146 854 
1289 1147 853 
1290 1148 852 
1291 1148 852 
1292 1147 853 
1293 1148 852 
1294 1148 852 
1295 1148 852 
1296 1149 851 
1297 1147 853 
1298 1148 852 
1299 1147 853 
1300 1146 854 
1301 1145 855 
1302 1146 854 
1303 1144 856 
1304 1146 854 
1305 1145 855 
1306 1146 854 
1307 1146 854 
1308 1146 854 
1309 1144 856 
1310 1146 854 
1311 1144 856 
1312 1145 855 
1313 1145 855 
1314 1145 855 
1315 1144 856 
1316 1146 854 
1317 1144 856 
1318 1144 856 
1319 1142 858 
1320 1141 859 
1321 1140 860 
1322 1141 859 
1323 1139 861 
1324 1140 860 
1325 1138 862 
1326 1140 860 
1327 1140 860 
1328 1141 859 
1329 1139 861 
1330 1139 861 
1331 1138 862 
1332 1138 862 
1333 1135 865 
1334 1134 866 
1335 1134 866 
1336 1134 866 
1337 1133 867 
1338 1135 865 
1339 1132 868 
1340 1136 864 
1341 1133 867 
1342 1138 862 
1343 1135 865 
1344 1137 863 
1345 1132 868 
1346 1135 865 
1347 1133 867 
1348 1136 864 
1349 1133 867 
1350 1136 864 
1351 1133 867 
1352 1136 864 
1353 1133 867 
1354 1136 864 
1355 1134 866 
1356 1137 863 
1357 1133 867 
1358 1135 865 
1359 1132 868 
1360 1135 865 
1361 1132 868 
1362 1135 865 
1363 1131 869 
1364 1133 867 
1365 1132 868 
1366 1135 865 
1367 1130 870 
1368 1133 867 
1369 1130 870 
1370 1132 868 
1371 1128 872 
1372 1130 870 
1373 1127 873 
1374 1128 872 
1375 1124 876 
1376 1128 872 
1377 1125 875 
1378 1127 873 
1379 1123 877 
1380 1125 875 
1381 1121 879 
1382 1124 876 
1383 1120 880 
1384 1123 877 
1385 1122 878 
1386 1125 875 
1387 1123 877 
1388 1127 873 
1389 1125 875 
1390 1127 873 
1391 1125 875 
1392 1128 872 
1393 1127 873 
1394 1127 873 
1395 1126 874 
1396 1127 873 
1397 1126 874 
1398 1127 873 
1399 1127 873 
1400 1127 873 
1401 1125 875 
1402 1126 874 
1403 1125 875 
1404 1124 876 
1405 1125 875 
1406 1124 876 
1407 1124 876 
1408 1124 876 
1409 1123 877 
1410 1123 877 
1411 1122 878 
1412 1122 878 
1413 1120 880 
1414 1120 880 
1415 1119 881 
1416 1120 880 
1417 1119 881 
1418 1120 880 
1419 1119 881 
1420 1121 879 
1421 1119 881 
1422 1121 879 
1423 1119 881 
1424 1119 881 
1425 1118 882 
1426 1118 882 
1427 1118 882 
1428 1118 882 
1429 1119 881 
1430 1118 882 
1431 1119 881 
1432 1118 882 
1433 1117 883 
1434 1116 884 
1435 1118 882 
1436 1116 884 
1437 1117 883 
1438 1115 885 
1439 1116 884 
1440 1115 885 
1441 1115 885 
1442 1113 887 
1443 1113 887 
1444 1113 887 
1445 1114 886 
1446 1112 888 
1447 1113 887 
1448 1112 888 
1449 1113 887 
1450 1112 888 
1451 1113 887 
1452 1112 888 
1453 1113 887 
1454 1112 888 
1455 1113 887 
1456 1113 887 
1457 1114 886 
1458 1113 887 
1459 1114 886 
1460 1113 887 
1461 1114 886 
1462 1113 887 
1463 1114 886 
1464 1113 887 
1465 1115 885 
1466 1111 889 
1467 1112 888 
1468 1110 890 
1469 1111 889 
1470 1110 890 
1471 1111 889 
1472 1110 890 
1473 1111 889 
1474 1107 893 
1475 1110 890 
1476 1107 893 
1477 1110 890 
1478 1106 894 
1479 1107 893 
1480 1103 897 
1481 1106 894 
1482 1102 898 
1483 1106 894 
1484 1104 896 
1485 1107 893 
1486 1104 896 
1487 1109 891 
1488 1106 894 
1489 1109 891 
1490 1105 895 
1491 1109 891 
1492 1106 894 
1493 1109 891 
1494 1106 894 
1495 1110 890 
1496 1107 893 
1497 1110 890 
1498 1107 893 
1499 1110 890 
1500 1107 893 
1501 1109 891 
1502 1105 895 
1503 1108 892 
1504 1106 894 
1505 1110 890 
1506 1107 893 
1507 1111 889 
1508 1109 891 
1509 1112 888 
1510 1108 892 
1511 1109 891 
1512 1106 894 
1513 1108 892 
1514 1104 896 
1515 1107 893 
1516 1104 896 
1517 1108 892 
1518 1104 896 
1519 1107 893 
1520 1104 896 
1521 1108 892 
1522 1104 896 
1523 1108 892 
1524 1104 896 
1525 1108 892 
1526 1103 897 
1527 1107 893 
1528 1103 897 
1529 1107 893 
1530 1103 897 
1531 1107 893 
1532 1102 898 
1533 1106 894 
1534 1102 898 
1535 1106 894 
1536 1103 897 
1537 1108 892 
1538 1104 896 
1539 1110 890 
1540 1105 895 
1541 1109 891 
1542 1104 896 
1543 1109 891 
1544 1104 896 
1545 1108 892 
1546 1104 896 
1547 1108 892 
1548 1104 896 
1549 1108 892 
1550 1104 896 
1551 1108 892 
1552 1104 896 
1553 1108 892 
1554 1104 896 
1555 1108 892 
1556 1103 897 
1557 1107 893 
1558 1103 897 
1559 1107 893 
1560 1103 897 
1561 1106 894 
1562 1105 895 
1563 1108 892 
1564 1105 895 
1565 1108 892 
1566 1104 896 
1567 1107 893 
1568 1104 896 
1569 1107 893 
1570 1103 897 
1571 1105 895 
1572 1102 898 
1573 1104 896 
1574 1102 898 
1575 1105 895 
1576 1102 898 
1577 1106 894 
1578 1103 897 
1579 1106 894 
1580 1103 897 
1581 1105 895 
1582 1101 899 
1583 1103 897 
1584 1101 899 
1585 1103 897 
1586 1100 900 
1587 1101 899 
1588 1099 901 
1589 1102 898 
1590 1100 900 
1591 1102 898 
1592 1099 901 
1593 1102 898 
1594 1100 900 
1595 1102 898 
1596 1101 899 
1597 1104 896 
1598 1102 898 
1599 1102 898 
1600 1100 900 
1601 1100 900 
1602 1097 903 
1603 1098 902 
1604 1096 904 
1605 1096 904 
1606 1095 905 
1607 1095 905 
1608 1093 907 
1609 1091 909 
1610 1090 910 
1611 1092 908 
