0 1000 0 
1 998 2 
2 998 2 
3 997 3 
4 996 4 
5 994 6 
6 993 7 
7 993 7 
8 991 9 
9 991 9 
10 990 10 
11 990 10 
12 990 10 
13 990 10 
14 990 10 
15 990 10 
16 990 10 
17 988 12 
18 988 12 
19 988 12 
20 988 12 
21 987 13 
22 987 13 
23 983 17 
24 982 18 
25 980 20 
26 981 19 
27 979 21 
28 978 22 
29 976 24 
30 977 23 
31 976 24 
32 977 23 
33 976 24 
34 977 23 
35 974 26 
36 974 26 
37 972 28 
38 971 29 
39 969 31 
40 970 30 
41 965 35 
42 967 33 
43 965 35 
44 967 33 
45 964 36 
46 966 34 
47 963 37 
48 963 37 
49 960 40 
50 961 39 
51 959 41 
52 960 40 
53 957 43 
54 958 42 
55 956 44 
56 956 44 
57 950 50 
58 952 48 
59 948 52 
60 950 50 
61 945 55 
62 947 53 
63 943 57 
64 945 55 
65 939 61 
66 941 59 
67 934 66 
68 936 64 
69 933 67 
70 936 64 
71 932 68 
72 933 67 
73 928 72 
74 931 69 
75 928 72 
76 931 69 
77 926 74 
78 927 73 
79 924 76 
80 926 74 
81 922 78 
82 925 75 
83 919 81 
84 920 80 
85 917 83 
86 918 82 
87 914 86 
88 915 85 
89 912 88 
90 915 85 
91 910 90 
92 911 89 
93 907 93 
94 909 91 
95 904 96 
96 906 94 
97 903 97 
98 903 97 
99 899 101 
100 899 101 
101 896 104 
102 898 102 
103 895 105 
104 898 102 
105 895 105 
106 898 102 
107 894 106 
108 898 102 
109 894 106 
110 898 102 
111 894 106 
112 897 103 
113 892 108 
114 894 106 
115 889 111 
116 890 110 
117 886 114 
118 890 110 
119 886 114 
120 890 110 
121 886 114 
122 888 112 
123 882 118 
124 885 115 
125 880 120 
126 881 119 
127 876 124 
128 880 120 
129 876 124 
130 880 120 
131 876 124 
132 878 122 
133 873 127 
134 877 123 
135 871 129 
136 872 128 
137 868 132 
138 872 128 
139 866 134 
140 870 130 
141 865 135 
142 869 131 
143 865 135 
144 869 131 
145 863 137 
146 866 134 
147 861 139 
148 865 135 
149 860 140 
150 863 137 
151 857 143 
152 859 141 
153 853 147 
154 856 144 
155 851 149 
156 854 146 
157 846 154 
158 849 151 
159 843 157 
160 847 153 
161 842 158 
162 846 154 
163 839 161 
164 844 156 
165 838 162 
166 842 158 
167 836 164 
168 839 161 
169 834 166 
170 838 162 
171 832 168 
172 837 163 
173 833 167 
174 835 165 
175 829 171 
176 833 167 
177 827 173 
178 830 170 
179 821 179 
180 825 175 
181 819 181 
182 823 177 
183 818 182 
184 821 179 
185 816 184 
186 820 180 
187 816 184 
188 819 181 
189 813 187 
190 817 183 
191 811 189 
192 815 185 
193 811 189 
194 811 189 
195 805 195 
196 806 194 
197 800 200 
198 802 198 
199 799 201 
200 801 199 
201 796 204 
202 798 202 
203 796 204 
204 797 203 
205 791 209 
206 792 208 
207 787 213 
208 788 212 
209 785 215 
210 787 213 
211 785 215 
212 785 215 
213 783 217 
214 784 216 
215 781 219 
216 780 220 
217 778 222 
218 780 220 
219 777 223 
220 779 221 
221 775 225 
222 777 223 
223 773 227 
224 775 225 
225 771 229 
226 773 227 
227 772 228 
228 772 228 
229 769 231 
230 771 229 
231 770 230 
232 771 229 
233 769 231 
234 771 229 
235 769 231 
236 770 230 
237 768 232 
238 770 230 
239 769 231 
240 770 230 
241 767 233 
242 769 231 
243 767 233 
244 764 236 
245 759 241 
246 760 240 
247 757 243 
248 758 242 
249 756 244 
250 758 242 
251 754 246 
252 754 246 
253 751 249 
254 752 248 
255 749 251 
256 748 252 
257 746 254 
258 747 253 
259 745 255 
260 745 255 
261 743 257 
262 745 255 
263 744 256 
264 744 256 
265 742 258 
266 743 257 
267 741 259 
268 742 258 
269 742 258 
270 743 257 
271 740 260 
272 741 259 
273 740 260 
274 741 259 
275 740 260 
276 741 259 
277 738 262 
278 738 262 
279 737 263 
280 736 264 
281 734 266 
282 735 265 
283 733 267 
284 732 268 
285 731 269 
286 731 269 
287 729 271 
288 729 271 
289 728 272 
290 729 271 
291 728 272 
292 727 273 
293 726 274 
294 725 275 
295 723 277 
296 724 276 
297 723 277 
298 721 279 
299 719 281 
300 718 282 
301 717 283 
302 718 282 
303 714 286 
304 711 289 
305 709 291 
306 710 290 
307 707 293 
308 707 293 
309 706 294 
310 704 296 
311 704 296 
312 703 297 
313 701 299 
314 701 299 
315 701 299 
316 702 298 
317 699 301 
318 696 304 
319 695 305 
320 695 305 
321 695 305 
322 695 305 
323 694 306 
324 692 308 
325 690 310 
326 690 310 
327 689 311 
328 687 313 
329 684 316 
330 684 316 
331 682 318 
332 682 318 
333 682 318 
334 680 320 
335 680 320 
336 679 321 
337 680 320 
338 679 321 
339 678 322 
340 677 323 
341 677 323 
342 673 327 
343 672 328 
344 670 330 
345 669 331 
346 669 331 
347 669 331 
348 669 331 
349 668 332 
350 668 332 
351 665 335 
352 664 336 
353 664 336 
354 664 336 
355 662 338 
356 662 338 
357 661 339 
358 661 339 
359 662 338 
360 661 339 
361 661 339 
362 660 340 
363 660 340 
364 660 340 
365 659 341 
366 658 342 
367 657 343 
368 657 343 
369 655 345 
370 654 346 
371 655 345 
372 652 348 
373 650 350 
374 650 350 
375 650 350 
376 648 352 
377 648 352 
378 647 353 
379 647 353 
380 647 353 
381 648 352 
382 647 353 
383 645 355 
384 643 357 
385 643 357 
386 643 357 
387 642 358 
388 642 358 
389 641 359 
390 640 360 
391 640 360 
392 638 362 
393 639 361 
394 637 363 
395 636 364 
396 636 364 
397 637 363 
398 638 362 
399 639 361 
400 638 362 
401 637 363 
402 635 365 
403 633 367 
404 634 366 
405 632 368 
406 634 366 
407 632 368 
408 633 367 
409 632 368 
410 633 367 
411 633 367 
412 634 366 
413 632 368 
414 634 366 
415 633 367 
416 635 365 
417 633 367 
418 634 366 
419 634 366 
420 633 367 
421 632 368 
422 633 367 
423 631 369 
424 632 368 
425 630 370 
426 632 368 
427 631 369 
428 631 369 
429 631 369 
430 632 368 
431 631 369 
432 630 370 
433 627 373 
434 625 375 
435 624 376 
436 624 376 
437 623 377 
438 624 376 
439 623 377 
440 623 377 
441 620 380 
442 619 381 
443 618 382 
444 619 381 
445 618 382 
446 619 381 
447 618 382 
448 618 382 
449 617 383 
450 619 381 
451 618 382 
452 619 381 
453 618 382 
454 620 380 
455 618 382 
456 621 379 
457 620 380 
458 620 380 
459 619 381 
460 618 382 
461 617 383 
462 619 381 
463 619 381 
464 619 381 
465 619 381 
466 620 380 
467 618 382 
468 620 380 
469 618 382 
470 620 380 
471 619 381 
472 616 384 
473 614 386 
474 615 385 
475 615 385 
476 615 385 
477 614 386 
478 613 387 
479 612 388 
480 614 386 
481 613 387 
482 614 386 
483 611 389 
484 612 388 
485 611 389 
486 612 388 
487 611 389 
488 611 389 
489 610 390 
490 610 390 
491 608 392 
492 609 391 
493 608 392 
494 609 391 
495 609 391 
496 609 391 
497 609 391 
498 609 391 
499 609 391 
500 608 392 
501 608 392 
502 607 393 
503 606 394 
504 606 394 
505 606 394 
506 605 395 
507 605 395 
508 605 395 
509 604 396 
510 605 395 
511 605 395 
512 605 395 
513 604 396 
514 604 396 
515 604 396 
516 604 396 
517 605 395 
518 603 397 
519 604 396 
520 604 396 
521 604 396 
522 604 396 
523 603 397 
524 604 396 
525 602 398 
526 603 397 
527 601 399 
528 600 400 
529 597 403 
530 598 402 
531 597 403 
532 598 402 
533 597 403 
534 599 401 
535 597 403 
536 597 403 
537 596 404 
538 597 403 
539 595 405 
540 596 404 
541 595 405 
542 597 403 
543 595 405 
544 595 405 
545 594 406 
546 595 405 
547 593 407 
548 594 406 
549 592 408 
550 593 407 
551 589 411 
552 590 410 
553 590 410 
554 590 410 
555 590 410 
556 590 410 
557 590 410 
558 590 410 
559 590 410 
560 590 410 
561 590 410 
562 590 410 
563 590 410 
564 589 411 
565 588 412 
566 587 413 
567 587 413 
568 588 412 
569 587 413 
570 587 413 
571 587 413 
572 588 412 
573 588 412 
574 590 410 
575 588 412 
576 589 411 
577 587 413 
578 588 412 
579 586 414 
580 584 416 
581 582 418 
582 582 418 
583 581 419 
584 583 417 
585 583 417 
586 585 415 
587 583 417 
588 584 416 
589 583 417 
590 584 416 
591 582 418 
592 583 417 
593 581 419 
594 583 417 
595 582 418 
596 584 416 
597 582 418 
598 584 416 
599 581 419 
600 582 418 
601 580 420 
602 582 418 
603 580 420 
604 581 419 
605 579 421 
606 582 418 
607 581 419 
608 584 416 
609 582 418 
610 585 415 
611 582 418 
612 584 416 
613 583 417 
614 585 415 
615 581 419 
616 583 417 
617 581 419 
618 584 416 
619 583 417 
620 585 415 
621 583 417 
622 585 415 
623 583 417 
624 583 417 
625 581 419 
626 582 418 
627 578 422 
628 581 419 
629 580 420 
630 584 416 
631 581 419 
632 583 417 
633 582 418 
634 584 416 
635 582 418 
636 584 416 
637 582 418 
638 584 416 
639 581 419 
640 582 418 
641 580 420 
642 580 420 
643 580 420 
644 582 418 
645 580 420 
646 582 418 
647 581 419 
648 584 416 
649 582 418 
650 585 415 
651 582 418 
652 585 415 
653 582 418 
654 586 414 
655 581 419 
656 583 417 
657 581 419 
658 583 417 
659 581 419 
660 584 416 
661 581 419 
662 585 415 
663 583 417 
664 585 415 
665 580 420 
666 583 417 
667 580 420 
668 583 417 
669 580 420 
670 583 417 
671 578 422 
672 580 420 
673 577 423 
674 580 420 
675 579 421 
676 581 419 
677 579 421 
678 581 419 
679 577 423 
680 581 419 
681 579 421 
682 582 418 
683 580 420 
684 582 418 
685 579 421 
686 581 419 
687 578 422 
688 580 420 
689 578 422 
690 580 420 
691 578 422 
692 579 421 
693 578 422 
694 580 420 
695 578 422 
696 580 420 
697 578 422 
698 580 420 
699 578 422 
700 580 420 
701 580 420 
702 582 418 
703 579 421 
704 579 421 
705 577 423 
706 579 421 
707 577 423 
708 580 420 
709 577 423 
710 580 420 
711 580 420 
712 582 418 
713 580 420 
714 582 418 
715 580 420 
716 582 418 
717 580 420 
718 581 419 
719 580 420 
720 582 418 
721 581 419 
722 582 418 
723 581 419 
724 583 417 
725 583 417 
726 582 418 
727 580 420 
728 581 419 
729 580 420 
730 583 417 
731 586 414 
732 588 412 
733 587 413 
734 588 412 
735 587 413 
736 587 413 
737 586 414 
738 587 413 
739 587 413 
740 589 411 
741 588 412 
742 589 411 
743 589 411 
744 589 411 
745 590 410 
746 589 411 
747 590 410 
748 591 409 
749 592 408 
750 593 407 
751 594 406 
752 596 404 
753 598 402 
754 597 403 
755 597 403 
756 595 405 
757 596 404 
758 598 402 
759 598 402 
760 597 403 
761 598 402 
762 597 403 
763 598 402 
764 598 402 
765 599 401 
766 598 402 
767 599 401 
768 598 402 
769 598 402 
770 597 403 
771 597 403 
772 595 405 
773 596 404 
774 596 404 
775 597 403 
776 598 402 
777 599 401 
778 599 401 
779 599 401 
780 599 401 
781 601 399 
782 600 400 
783 601 399 
784 601 399 
785 601 399 
786 599 401 
787 604 396 
788 602 398 
789 603 397 
790 601 399 
791 603 397 
792 601 399 
793 603 397 
794 601 399 
795 603 397 
796 601 399 
797 603 397 
798 601 399 
799 603 397 
800 601 399 
801 604 396 
802 602 398 
803 605 395 
804 603 397 
805 607 393 
806 605 395 
807 607 393 
808 605 395 
809 606 394 
810 605 395 
811 609 391 
812 606 394 
813 608 392 
814 606 394 
815 607 393 
816 605 395 
817 607 393 
818 605 395 
819 607 393 
820 605 395 
821 608 392 
822 605 395 
823 607 393 
824 604 396 
825 606 394 
826 605 395 
827 608 392 
828 606 394 
829 610 390 
830 608 392 
831 611 389 
832 609 391 
833 612 388 
834 608 392 
835 610 390 
836 608 392 
837 613 387 
838 612 388 
839 614 386 
840 612 388 
841 614 386 
842 613 387 
843 616 384 
844 614 386 
845 615 385 
846 613 387 
847 615 385 
848 611 389 
849 613 387 
850 611 389 
851 615 385 
852 613 387 
853 615 385 
854 614 386 
855 616 384 
856 613 387 
857 615 385 
858 612 388 
859 613 387 
860 612 388 
861 613 387 
862 610 390 
863 610 390 
864 608 392 
865 610 390 
866 609 391 
867 611 389 
868 606 394 
869 608 392 
870 606 394 
871 608 392 
872 606 394 
873 607 393 
874 605 395 
875 608 392 
876 605 395 
877 609 391 
878 607 393 
879 609 391 
880 608 392 
881 611 389 
882 609 391 
883 614 386 
884 609 391 
885 613 387 
886 612 388 
887 614 386 
888 612 388 
889 614 386 
890 611 389 
891 612 388 
892 609 391 
893 611 389 
894 609 391 
895 610 390 
896 609 391 
897 611 389 
898 609 391 
899 611 389 
900 609 391 
901 610 390 
902 609 391 
903 611 389 
904 610 390 
905 613 387 
906 612 388 
907 613 387 
908 612 388 
909 612 388 
910 610 390 
911 612 388 
912 611 389 
913 611 389 
914 609 391 
915 609 391 
916 608 392 
917 609 391 
918 608 392 
919 609 391 
920 610 390 
921 611 389 
922 609 391 
923 610 390 
924 608 392 
925 609 391 
926 608 392 
927 609 391 
928 609 391 
929 608 392 
930 605 395 
931 606 394 
932 604 396 
933 604 396 
934 602 398 
935 604 396 
936 603 397 
937 604 396 
938 604 396 
939 603 397 
940 603 397 
941 603 397 
942 601 399 
943 601 399 
944 601 399 
945 601 399 
946 602 398 
947 600 400 
948 599 401 
949 602 398 
950 602 398 
951 603 397 
952 603 397 
953 603 397 
954 602 398 
955 600 400 
956 601 399 
957 601 399 
958 601 399 
959 600 400 
960 599 401 
961 598 402 
962 598 402 
963 598 402 
964 598 402 
965 600 400 
966 601 399 
967 601 399 
968 602 398 
969 602 398 
970 602 398 
971 602 398 
972 602 398 
973 601 399 
974 601 399 
975 600 400 
976 597 403 
977 596 404 
978 597 403 
979 596 404 
980 594 406 
981 595 405 
982 595 405 
983 595 405 
984 596 404 
985 596 404 
986 596 404 
987 596 404 
988 594 406 
989 595 405 
990 597 403 
991 596 404 
992 596 404 
993 597 403 
994 597 403 
995 596 404 
996 596 404 
997 596 404 
998 596 404 
999 597 403 
1000 598 402 
1001 599 401 
1002 599 401 
1003 598 402 
1004 597 403 
1005 597 403 
1006 597 403 
1007 598 402 
1008 598 402 
1009 597 403 
1010 597 403 
1011 597 403 
1012 596 404 
1013 595 405 
1014 595 405 
1015 595 405 
1016 595 405 
1017 596 404 
1018 596 404 
1019 596 404 
1020 597 403 
1021 596 404 
1022 595 405 
1023 595 405 
1024 595 405 
1025 597 403 
1026 597 403 
1027 597 403 
1028 597 403 
1029 597 403 
1030 598 402 
1031 597 403 
1032 597 403 
1033 595 405 
1034 597 403 
1035 593 407 
1036 593 407 
1037 591 409 
1038 591 409 
1039 590 410 
1040 590 410 
1041 588 412 
1042 588 412 
1043 587 413 
1044 588 412 
1045 587 413 
1046 585 415 
1047 585 415 
1048 585 415 
1049 585 415 
1050 586 414 
1051 586 414 
1052 585 415 
1053 585 415 
1054 585 415 
1055 585 415 
1056 585 415 
1057 585 415 
1058 586 414 
1059 586 414 
1060 586 414 
1061 587 413 
1062 586 414 
1063 586 414 
1064 586 414 
1065 585 415 
1066 585 415 
1067 585 415 
1068 583 417 
1069 583 417 
1070 582 418 
1071 583 417 
1072 581 419 
1073 582 418 
1074 582 418 
1075 582 418 
1076 581 419 
1077 580 420 
1078 579 421 
1079 577 423 
1080 578 422 
1081 577 423 
1082 577 423 
1083 575 425 
1084 575 425 
1085 575 425 
1086 575 425 
1087 576 424 
1088 576 424 
1089 575 425 
1090 575 425 
1091 575 425 
1092 575 425 
1093 574 426 
1094 573 427 
1095 574 426 
1096 574 426 
1097 574 426 
1098 574 426 
1099 574 426 
1100 573 427 
1101 576 424 
1102 578 422 
1103 579 421 
1104 579 421 
1105 580 420 
1106 579 421 
1107 578 422 
1108 576 424 
1109 575 425 
1110 575 425 
1111 574 426 
1112 574 426 
1113 575 425 
1114 576 424 
1115 576 424 
1116 578 422 
1117 578 422 
1118 578 422 
1119 578 422 
1120 579 421 
1121 580 420 
1122 579 421 
1123 581 419 
1124 580 420 
1125 581 419 
1126 581 419 
1127 581 419 
1128 579 421 
1129 579 421 
1130 578 422 
1131 579 421 
1132 578 422 
1133 579 421 
1134 575 425 
1135 579 421 
1136 576 424 
1137 579 421 
1138 576 424 
1139 578 422 
1140 575 425 
1141 579 421 
1142 576 424 
1143 578 422 
1144 575 425 
1145 577 423 
1146 574 426 
1147 577 423 
1148 574 426 
1149 576 424 
1150 574 426 
1151 575 425 
1152 573 427 
1153 576 424 
1154 573 427 
1155 576 424 
1156 573 427 
1157 576 424 
1158 572 428 
1159 574 426 
1160 571 429 
1161 573 427 
1162 571 429 
1163 573 427 
1164 569 431 
1165 574 426 
1166 571 429 
1167 574 426 
1168 571 429 
1169 574 426 
1170 570 430 
1171 572 428 
1172 569 431 
1173 572 428 
1174 570 430 
1175 572 428 
1176 566 434 
1177 569 431 
1178 568 432 
1179 569 431 
1180 565 435 
1181 568 432 
1182 566 434 
1183 569 431 
1184 567 433 
1185 571 429 
1186 569 431 
1187 571 429 
1188 568 432 
1189 570 430 
1190 567 433 
1191 571 429 
1192 567 433 
1193 571 429 
1194 568 432 
1195 572 428 
1196 567 433 
1197 571 429 
1198 566 434 
1199 570 430 
1200 566 434 
1201 569 431 
1202 565 435 
1203 569 431 
1204 565 435 
1205 569 431 
1206 566 434 
1207 570 430 
1208 566 434 
1209 570 430 
1210 566 434 
1211 570 430 
1212 566 434 
1213 571 429 
1214 566 434 
1215 570 430 
1216 566 434 
1217 571 429 
1218 567 433 
1219 570 430 
1220 565 435 
1221 570 430 
1222 566 434 
1223 568 432 
1224 564 436 
1225 567 433 
1226 562 438 
1227 566 434 
1228 562 438 
1229 566 434 
1230 561 439 
1231 565 435 
1232 561 439 
1233 568 432 
1234 564 436 
1235 569 431 
1236 565 435 
1237 571 429 
1238 566 434 
1239 570 430 
1240 565 435 
1241 569 431 
1242 564 436 
1243 570 430 
1244 567 433 
1245 571 429 
1246 567 433 
1247 572 428 
1248 566 434 
1249 571 429 
1250 566 434 
1251 572 428 
1252 567 433 
1253 572 428 
1254 566 434 
1255 571 429 
1256 566 434 
1257 572 428 
1258 567 433 
1259 572 428 
1260 567 433 
1261 572 428 
1262 566 434 
1263 570 430 
1264 566 434 
1265 570 430 
1266 566 434 
1267 571 429 
1268 566 434 
1269 571 429 
1270 566 434 
1271 570 430 
1272 565 435 
1273 570 430 
1274 565 435 
1275 566 434 
1276 561 439 
1277 565 435 
1278 561 439 
1279 566 434 
1280 561 439 
1281 565 435 
1282 560 440 
1283 563 437 
1284 560 440 
1285 563 437 
1286 562 438 
1287 563 437 
1288 562 438 
1289 564 436 
1290 562 438 
1291 563 437 
1292 561 439 
1293 562 438 
1294 560 440 
1295 563 437 
1296 561 439 
1297 563 437 
1298 562 438 
1299 566 434 
1300 565 435 
1301 567 433 
1302 563 437 
1303 565 435 
1304 563 437 
1305 565 435 
1306 563 437 
1307 564 436 
1308 563 437 
1309 565 435 
1310 563 437 
1311 565 435 
1312 563 437 
1313 565 435 
1314 564 436 
1315 565 435 
1316 563 437 
1317 566 434 
1318 564 436 
1319 564 436 
1320 562 438 
1321 563 437 
1322 561 439 
1323 562 438 
1324 559 441 
1325 561 439 
1326 559 441 
1327 561 439 
1328 560 440 
1329 562 438 
1330 560 440 
1331 562 438 
1332 560 440 
1333 562 438 
1334 559 441 
1335 562 438 
1336 559 441 
1337 560 440 
1338 558 442 
1339 560 440 
1340 559 441 
1341 561 439 
1342 560 440 
1343 561 439 
1344 560 440 
1345 561 439 
1346 561 439 
1347 562 438 
1348 561 439 
1349 563 437 
1350 562 438 
1351 563 437 
1352 561 439 
1353 563 437 
1354 561 439 
1355 562 438 
1356 560 440 
1357 562 438 
1358 561 439 
1359 561 439 
1360 559 441 
1361 560 440 
1362 559 441 
1363 559 441 
1364 559 441 
1365 560 440 
1366 559 441 
1367 560 440 
1368 561 439 
1369 561 439 
1370 560 440 
1371 561 439 
1372 560 440 
1373 560 440 
1374 560 440 
1375 562 438 
1376 561 439 
1377 564 436 
1378 563 437 
1379 565 435 
1380 563 437 
1381 564 436 
1382 564 436 
1383 563 437 
1384 560 440 
1385 560 440 
1386 559 441 
1387 559 441 
1388 556 444 
1389 557 443 
1390 556 444 
1391 557 443 
1392 557 443 
1393 555 445 
1394 554 446 
1395 554 446 
1396 555 445 
1397 555 445 
1398 555 445 
1399 556 444 
1400 556 444 
1401 555 445 
1402 556 444 
1403 555 445 
1404 557 443 
1405 554 446 
1406 554 446 
1407 552 448 
1408 554 446 
1409 553 447 
1410 554 446 
1411 552 448 
1412 553 447 
1413 552 448 
1414 553 447 
1415 552 448 
1416 552 448 
1417 550 450 
1418 550 450 
1419 549 451 
1420 550 450 
1421 548 452 
1422 549 451 
1423 548 452 
1424 549 451 
1425 549 451 
1426 548 452 
1427 546 454 
1428 547 453 
1429 546 454 
1430 548 452 
