true
150
10
5
1.000000
1 8.961994 9.895781 0.377291 39,67,56,86,90,109,3,49,52,93,140,55,137,38,
2 4.720369 8.352309 0.253517 51,70,110,128,10,14,58,62,124,
3 8.940645 0.260533 0.342205 39,67,86,90,109,49,52,93,121,140,55,38,145,1,
4 2.407179 6.507170 0.342204 29,116,82,87,132,12,21,105,15,48,119,125,139,
5 4.958232 3.318258 0.297339 36,26,65,104,117,146,64,19,
6 7.040963 2.638002 0.274845 65,146,33,76,115,19,22,60,98,100,106,138,
7 8.498191 5.945569 0.374604 95,35,42,84,53,77,96,133,141,11,13,143,59,
8 0.929862 9.091305 0.469525 66,86,109,93,69,144,20,45,55,92,137,38,89,40,41,
9 0.584001 7.223429 0.284032 11,103,66,37,59,69,82,87,132,144,45,
10 4.152742 8.741004 0.429127 119,41,51,85,102,47,70,110,2,14,58,62,124,
11 9.602704 6.736484 0.366559 9,7,77,96,133,13,103,143,148,37,59,87,132,144,
12 2.623188 5.259359 0.271418 29,116,21,32,36,105,111,149,125,139,150,4,
13 8.610997 7.355350 0.347196 7,35,42,72,84,133,11,103,142,143,56,86,148,
14 5.785355 8.195228 0.385217 44,70,110,128,2,10,62,124,72,94,135,73,83,88,130,
15 3.774615 6.676053 0.269760 21,105,4,48,119,125,139,51,79,107,110,128,
16 2.108289 1.916638 0.257387 63,108,28,80,129,68,91,61,81,112,123,
17 0.057356 2.420047 0.374291 52,30,50,101,113,127,147,108,134,145,25,28,80,126,129,
18 6.096654 0.097465 0.299821 58,62,120,124,24,43,73,83,130,33,57,
19 6.187684 3.772881 0.458428 5,65,117,146,64,122,6,60,98,100,106,138,46,54,114,
20 0.984182 9.985112 0.366258 109,93,8,55,92,137,38,63,89,108,145,40,78,
21 3.445820 5.689234 0.313913 12,36,105,111,149,125,139,79,150,107,4,15,
22 7.852255 2.175554 0.290682 33,76,115,6,60,98,100,106,138,49,121,50,101,
23 0.143959 4.441960 0.440263 30,118,147,34,77,96,133,136,25,71,126,37,74,
24 5.474273 1.133718 0.419098 47,131,58,120,43,97,65,117,146,33,57,138,18,
25 0.634558 3.106295 0.424572 30,113,127,147,34,136,108,134,17,28,71,80,126,129,75,23,
26 4.118047 2.448550 0.304901 68,131,27,61,81,112,97,5,65,104,117,
27 3.233235 3.765477 0.326037 61,75,81,112,123,32,36,111,149,104,150,26,
28 1.621847 2.763374 0.403102 108,17,25,71,80,129,61,75,81,112,123,16,
29 1.831965 5.067109 0.317341 71,37,74,116,87,75,32,105,149,12,4,
30 9.797700 3.201848 0.268589 17,25,23,50,101,113,118,127,147,34,136,134,126,129,
31 5.540798 5.549226 0.409937 64,79,122,150,44,107,128,54,99,
32 2.328765 4.345280 0.321404 29,27,71,74,116,61,75,123,12,36,105,111,149,
33 6.473855 1.316029 0.390990 24,120,43,65,18,57,76,115,98,138,49,6,22,
34 9.265367 4.200372 0.402372 25,23,30,60,101,113,118,147,53,77,96,136,141,126,
35 7.772482 6.437395 0.304399 54,95,42,72,84,99,135,133,141,142,143,7,13,
36 3.761810 4.280118 0.405604 27,61,75,12,21,32,111,149,104,64,79,150,5,
37 0.507321 5.578030 0.393175 77,96,133,136,71,23,29,74,116,59,87,132,9,11,
38 0.535370 0.447860 0.483141 109,52,93,140,55,137,63,89,108,134,145,40,8,20,3,1,
39 7.875729 9.616175 0.463850 73,83,88,130,57,67,76,56,86,90,49,3,1,
40 2.071469 9.795353 0.497928 38,8,20,92,63,89,41,85,102,68,78,91,
41 2.528064 8.569070 0.478880 8,69,82,92,89,48,119,40,51,85,102,78,110,10,
42 7.071599 6.748528 0.337691 44,54,95,35,72,84,94,99,135,142,143,7,13,
43 5.224074 0.222684 0.397420 47,58,62,120,124,24,97,73,57,18,33,
44 5.606167 6.643108 0.468007 31,79,70,107,110,128,54,94,99,135,14,42,
45 0.589069 8.267145 0.271190 9,103,66,86,109,69,144,8,55,92,137,
46 7.506190 4.512140 0.293941 19,60,100,54,95,114,118,53,141,
47 3.999646 0.523292 0.493823 85,102,68,78,131,58,120,124,97,24,43,10,
48 2.575966 7.561630 0.465443 69,82,92,105,4,15,119,125,51,110,41,
49 8.093549 0.907169 0.496646 33,22,39,57,67,76,115,3,52,121,140,50,1,
50 8.844108 2.134778 0.301639 17,22,49,106,52,121,140,30,101,113,127,147,134,145,
51 3.362756 8.145481 0.293235 15,48,119,41,85,110,2,10,
52 9.685417 1.429606 0.431173 38,17,3,49,93,121,140,113,127,55,108,134,145,129,50,1,
53 8.300817 4.420771 0.364656 46,60,100,95,114,101,118,147,7,34,77,136,141,
54 6.639437 5.239957 0.353433 31,44,19,122,46,95,114,99,141,35,42,
55 0.050613 9.740367 0.493194 38,66,86,90,109,93,140,8,20,45,137,89,145,3,52,1,
56 8.325096 8.446278 0.321658 39,13,72,84,88,103,142,1,86,90,148,
57 6.836514 0.236632 0.398419 24,43,62,120,73,83,130,18,33,67,76,115,39,49,
58 4.575007 9.740678 0.432993 47,24,43,85,102,2,10,62,120,124,97,73,18,
59 0.164873 6.386563 0.384134 37,77,96,133,136,103,143,9,69,82,87,132,144,7,11,
60 7.856642 3.715155 0.389153 6,19,22,98,100,106,95,114,101,118,147,141,46,34,53,
61 3.187095 3.011151 0.328439 28,16,68,131,27,75,81,112,123,149,104,32,36,26,
62 5.704261 9.031662 0.321393 43,70,2,10,14,58,120,124,94,73,83,88,130,18,57,
63 1.524366 0.911767 0.270394 38,89,108,145,80,68,78,91,20,16,40,
64 5.037564 4.214895 0.491783 36,5,111,104,117,146,31,79,122,150,114,19,
65 5.752712 2.045900 0.394100 24,97,5,26,117,146,115,98,138,33,6,19,
66 9.959448 8.414122 0.258559 9,8,45,55,103,86,90,109,148,69,144,137,
67 7.756126 0.103533 0.272203 83,57,76,90,39,3,49,1,
68 3.164704 1.234775 0.464855 63,89,102,16,47,78,91,131,81,112,97,61,40,26,
69 1.212039 7.860292 0.453665 103,9,59,82,132,144,92,137,8,45,48,41,66,
70 5.281926 7.490300 0.345775 44,107,110,128,124,94,135,130,2,10,14,62,
71 1.388624 3.990683 0.432303 136,25,28,126,129,74,116,75,123,23,29,37,32,
72 7.431332 7.769993 0.367147 14,35,42,84,94,135,88,130,142,143,148,13,56,
73 6.218760 9.474391 0.264686 43,14,58,62,18,57,120,124,39,83,88,130,
74 0.911664 4.845301 0.317992 71,77,96,136,126,23,29,37,116,87,32,
75 2.209246 3.638257 0.346358 25,28,71,29,27,61,81,123,149,32,36,
76 7.326702 1.149058 0.262859 33,57,67,115,138,121,6,22,39,49,
77 9.211683 5.042628 0.401384 23,37,74,59,95,118,147,7,34,53,96,133,136,141,11,
78 2.743498 0.182083 0.406655 63,20,89,85,102,47,68,91,40,41,
79 4.620491 5.519497 0.494723 21,36,15,111,139,31,64,122,150,107,128,44,
80 1.413524 2.017610 0.281313 63,127,108,134,17,25,28,129,91,81,123,16,
81 2.617945 2.515051 0.283117 28,80,16,68,91,27,61,75,112,123,26,
82 1.760492 6.912607 0.373917 116,9,59,69,87,132,105,119,125,4,48,41,
83 6.928615 9.456439 0.359086 14,62,18,57,67,120,39,73,88,130,
84 7.735517 7.130823 0.272453 95,35,42,72,99,135,88,142,143,7,13,56,
85 3.157132 9.306056 0.273734 47,78,89,40,41,51,102,10,58,
86 9.182366 8.884745 0.295834 8,45,55,39,3,13,103,142,1,56,66,90,109,148,144,137,
87 1.090189 6.081382 0.284062 29,37,74,96,116,9,59,82,132,105,4,11,
88 7.254290 8.535216 0.317857 14,62,72,84,94,39,73,83,130,142,90,56,
89 1.794410 0.040403 0.481369 92,38,63,108,102,91,8,20,55,68,78,40,41,85,
90 8.641500 9.035035 0.263550 55,67,39,88,3,103,142,1,56,66,86,109,148,137,
91 2.218844 1.085964 0.272010 63,89,80,108,16,68,78,112,81,40,
92 1.646823 8.558769 0.256987 89,69,8,20,45,137,48,40,41,
93 9.841766 0.309840 0.253462 38,8,20,55,109,3,52,140,137,108,134,145,1,
94 6.326797 7.798549 0.266408 44,70,14,62,42,72,135,130,88,
95 7.587554 5.470671 0.428282 60,46,54,114,99,133,141,143,35,42,84,7,53,77,
96 9.852917 5.545805 0.372876 23,37,74,59,87,7,34,77,133,136,132,11,
97 4.625714 1.466295 0.345925 47,68,131,112,120,24,43,117,26,65,58,
98 6.467913 2.812709 0.270103 65,33,117,146,115,6,19,22,60,100,106,138,114,
99 6.741520 6.098639 0.326226 31,44,54,95,35,42,84,135,
100 7.106458 3.377223 0.322827 146,6,19,22,60,98,106,138,114,118,46,53,
101 8.684546 2.905608 0.276760 17,22,60,106,121,30,50,113,118,127,147,34,53,
102 3.446179 9.912717 0.324959 89,47,68,78,40,41,85,10,58,
103 9.536441 7.761456 0.352310 9,59,69,45,11,13,142,143,148,144,137,56,66,86,90,
104 4.252819 3.392057 0.344857 27,61,36,112,5,26,117,146,150,64,
105 2.605027 5.894960 0.269045 29,82,87,116,12,21,32,111,149,125,139,4,15,48,
106 7.646751 2.915886 0.256762 115,6,19,22,60,98,100,138,118,50,101,
107 4.638846 6.455758 0.322945 21,15,31,79,119,125,139,44,70,110,128,
108 0.713493 1.443028 0.299073 127,38,63,89,134,145,129,17,25,28,80,20,16,91,52,93,
109 9.922859 9.582016 0.323128 38,8,20,45,55,3,93,1,66,86,90,137,145,
110 4.148350 7.682045 0.405728 15,48,41,51,119,125,139,44,70,107,128,124,2,10,14,
111 3.495574 4.955250 0.286883 27,12,21,32,36,105,149,125,139,150,64,79,
112 3.171562 2.202538 0.302145 28,16,68,91,131,27,61,81,123,97,26,104,
113 9.399485 2.643785 0.253305 17,25,52,121,30,50,101,118,127,147,134,126,34,
114 6.795119 4.225291 0.290280 64,19,60,98,100,122,46,54,95,53,
115 7.283153 1.683413 0.268236 65,33,57,76,138,121,6,22,98,106,49,
116 1.668394 5.662652 0.270435 71,29,37,74,132,82,87,12,32,105,4,
117 4.987675 2.515456 0.425269 24,97,131,5,26,65,104,146,138,64,19,98,
118 8.611248 3.852644 0.264444 23,60,100,106,46,30,101,113,147,136,141,126,34,53,77,
119 3.361919 7.341341 0.335651 82,4,15,48,125,139,128,41,51,107,110,10,
120 5.443386 9.999168 0.364015 47,24,43,97,58,62,124,18,33,57,73,83,
121 8.613780 1.572212 0.290671 76,115,22,3,49,52,140,134,145,50,101,113,
122 5.742725 4.761824 0.256102 31,64,79,19,54,114,
123 2.421588 3.048484 0.273706 28,71,80,16,27,61,75,81,112,32,
124 5.013223 9.049268 0.351404 47,43,70,110,2,10,14,58,62,120,130,18,73,
125 3.052811 6.440372 0.299283 82,12,21,105,111,4,15,48,119,139,107,110,
126 0.097152 3.589363 0.262661 127,147,136,17,25,71,129,23,74,30,113,118,34,
127 9.926531 2.489130 0.281665 108,17,25,80,126,52,30,50,101,113,147,134,145,129,
128 4.778117 7.028333 0.263380 15,119,31,79,139,44,70,107,110,2,14,
129 0.934862 2.443520 0.258705 108,134,17,25,28,71,80,126,16,52,30,127,
130 6.490918 8.570751 0.337583 70,14,62,124,18,57,72,94,135,39,73,83,88,
131 3.936343 1.599248 0.287241 47,68,61,112,24,97,26,117,
132 0.958734 6.614702 0.251148 37,116,9,59,69,82,87,144,4,96,11,
133 9.242890 5.994918 0.363673 23,37,59,95,35,7,77,96,136,141,143,11,13,
134 0.074218 1.751822 0.260741 140,38,108,145,17,25,80,129,52,93,121,30,50,113,127,
135 6.480339 7.074525 0.293157 44,70,14,35,42,72,84,94,99,130,
136 9.947124 4.653315 0.369601 25,71,126,23,37,74,59,30,118,147,34,53,77,96,133,
137 0.177204 8.858373 0.296704 38,69,148,144,8,20,45,55,92,93,103,1,66,86,90,109,
138 6.627749 2.076225 0.313223 24,65,117,33,76,115,146,6,19,22,98,100,106,
139 3.924538 6.086266 0.282303 12,21,105,111,4,15,119,125,150,79,107,110,128,
140 9.108417 0.943387 0.260633 38,134,55,3,49,52,93,121,145,50,1,
141 8.239860 5.062480 0.272907 60,46,54,95,35,118,7,34,53,77,133,
142 8.094024 7.852571 0.268304 35,42,72,84,88,13,103,143,148,56,86,90,
143 8.640490 6.703036 0.282941 59,95,35,42,72,84,7,133,11,13,103,142,148,
144 0.194160 7.735478 0.267106 148,9,59,69,132,8,45,137,11,103,66,86,
145 0.040526 1.171762 0.291598 38,63,108,134,17,20,55,3,52,93,121,140,50,127,109,
146 5.707144 2.865067 0.333126 24,5,65,104,117,64,6,19,98,100,138,
147 9.341993 3.492920 0.251051 17,25,126,23,60,30,50,101,113,118,127,34,53,77,136,
148 8.962314 8.207226 0.271003 144,137,72,11,13,103,142,143,56,66,86,90,
149 3.063812 4.599390 0.270867 29,27,61,75,12,21,32,36,105,111,150,
150 4.077063 4.920793 0.254797 27,12,21,36,111,149,139,104,31,64,79,