10
0.02
0
1 0.02336810453813174 0.07078751223666854
2 0.011237232424963115 0.07888896290716114
3 0.03378515274577126 0.06466069523274112
4 0.0972341465228015 0.009103479357438536
5 0.05847934037658272 0.08680041326822427
6 0.009476917977396276 0.0270902825906029
7 0.0377947086698412 0.02127434799183489
8 0.02774318619020853 0.0439688019636426
9 0.0166347817016721 0.04014916098739415
10 0.11047746729727773 0.02364691684425423


(10, 0)
0.17253634387556022
1 0.021841393470386 0.06998375088438963
2 0.009629785438936212 0.07826207122360841
3 0.03522994445783993 0.06560380493183887
4 0.09786978219416137 0.0074994699157302155
5 0.05877646650630958 0.0885
6 0.008526330045553976 0.028530165078735296
7 0.03616296096334445 0.020713742588599125
8 0.028937448207234293 0.04521403978449615
9 0.0171056297422764 0.03848928716132975
10 0.10981168020797494 0.022055186167439754


(10, 0)
0.8178733210376548
1 0.01613104234477305 0.06697744560523353
2 0.0036174580903336837 0.07591731083872533
3 0.04063389295444021 0.06913131425930528
4 0.10024724768066565 0.0014999999999999996
5 0.059887806146913636 0.08214304273944735
6 0.004970849914919468 0.03391575162524387
7 0.03005974172994467 0.01861691250527572
8 0.03340434151617546 0.0498715976827737
9 0.018866740731422117 0.032280867918625444
10 0.10732143949698537 0.016101642465525645


(10, 0)
1.045152030937071
1 0.014119936081175198 0.06591866668880583
2 0.0015 0.07509151883523127
3 0.04253708847265039 0.07037365399416809
4 0.1010845579661839 0.0036129298812595835
5 0.06027920451507677 0.07990421078622854
6 0.003718659252116884 0.035812480319955986
7 0.02791027278164359 0.017878438106502307
8 0.03497751922711186 0.05151192481086956
9 0.019486979533424292 0.030094348989861002
10 0.10644441134555101 0.01400488715816479


(10, 0)
1.4478495014635926
1 0.010556613297139195 0.06404269866839189
2 0.005251759314810698 0.07362836220637124
3 0.04590921259919015 0.07257485915317857
4 0.10256812294318181 0.007356666014572278
5 0.060972692844437903 0.07593739856305919
6 0.0015 0.03917314638486664
7 0.024101795917096012 0.01656999275072633
8 0.037764910466542775 0.0544182928803318
9 0.02058593243050477 0.026220226146320247
10 0.10489047337080858 0.010289809494441016


(10, 0)
1.4868588823963897
1 0.010211433538033107 0.0638609732877224
2 0.005615192956666618 0.07348662594409743
3 0.04623587090780299 0.0727880903176227
4 0.10271183616604015 0.007719322449303108
5 0.06103987119144149 0.07555313270486999
6 0.0017149219457791513 0.03949869474885963
7 0.023732868035357315 0.01644324339904434
8 0.03803492558862818 0.054699833310681
9 0.020692388207675064 0.025844939126050327
10 0.10473994310220915 0.009929929211136425


(10, 0)
2.471353541747013
1 0.0014999999999999996 0.059274700384653725
2 0.014787306711865452 0.06990957370927021
3 0.05447987151924247 0.0781694867300398
4 0.09386122274814415 0.0032714655921716827
5 0.06273527681612882 0.06585526834219876
6 0.007138989253110462 0.047714683263611196
7 0.014422094047864485 0.013244421556112652
8 0.044849400447763706 0.06180517678043669
9 0.023379053352700775 0.016373677128433854
10 0.11341851213067455 0.01444784886309635


(10, 0)
2.8634521345603563
1 0.004969537187639778 0.057448107284862465
2 0.018440320836807026 0.06848492692792485
3 0.057763242341213106 0.08031275682362396
4 0.09033625383771761 0.0015
5 0.06341051273881652 0.061992861437517116
6 0.009299254053259091 0.050986897596728635
7 0.010713855162234508 0.01197041409313524
8 0.047563428378388915 0.0646350501062954
9 0.024449082136219102 0.012601520046463026
10 0.11687496023973722 0.016247218642456762


(10, 0)
3.0477962309158375
1 0.006600730742908838 0.05658933946329451
2 0.020157775579514398 0.06781513308437011
3 0.05930691028154735 0.08132040948009647
4 0.08867899920741833 0.002332849772478457
5 0.0637279730875046 0.0601769612439154
6 0.010314896725206985 0.052525320343905245
7 0.00897043664716951 0.011371442919003757
8 0.04883942129324442 0.06596550742141319
9 0.024952153284107517 0.01082805056370497
10 0.1185 0.017093187493315308


(10, 0)
3.2966106280210576
1 0.0088023984341461 0.055430236448871115
2 0.022475872414783788 0.06691109354817854
3 0.06139044219549737 0.08268046653192745
4 0.08644215615228411 0.003456970469128506
5 0.0641564582238624 0.0577259898224982
6 0.011685738125019116 0.054601772673539745
7 0.006617295780149399 0.01056299472607903
8 0.05056166471788918 0.06776126297464179
9 0.025631162521927164 0.008434349062757326
10 0.1163066382584767 0.018235015378002577


(10, 0)
3.8376988740296114
1 0.010053774683111588 0.05392571386322032
2 0.027516959125467453 0.0649451093742265
3 0.06592142851276145 0.08563813655909869
4 0.0815777692864905 0.00590155769209
5 0.06508827034394053 0.052395945247662376
6 0.018203376452441154 0.05810122375898638
7 0.0015000000000000005 0.008804889810174835
8 0.054306969188541304 0.07166643178264158
9 0.027107780924197786 0.0032288474451476375
10 0.11153680873337402 0.020718109823328505


(10, 0)
4.01740471228096
1 0.01046938086093386 0.053426032906524416
2 0.02919120121023605 0.0642921681274426
3 0.0674262564225447 0.08662043579665281
4 0.07996221262684265 0.006713452238536845
5 0.06539774311361655 0.050625734685330576
6 0.020368009795871764 0.05926345893110254
7 0.0031995525859885403 0.008220989272735723
8 0.055550857009742334 0.0729634136323333
9 0.027598194363622628 0.0015
10 0.1099526563895601 0.02154279336071126


(10, 0)
4.36125987147946
1 0.011264615616963741 0.05246992665763999
2 0.03239475199187356 0.06304280851539638
3 0.07030564445756853 0.0885
4 0.07687095249972078 0.008266958408605736
5 0.06598989865803305 0.04723855461011176
6 0.024509891607583704 0.06148731856762215
7 0.006451533326892056 0.007103734462258202
8 0.05793095355499713 0.07544510206684894
9 0.028536567835110258 0.004808034503863404
10 0.10692148633032736 0.023120770413624286


(10, 0)
6.085909421032399
1 0.015253217291496247 0.04767445342610015
2 0.048462570853162315 0.05677648551716774
3 0.08474758358440088 0.07907280523516222
4 0.061366341784503835 0.016058767386205965
5 0.06895993056136018 0.030249719530256087
6 0.045284029816011345 0.07264137113246512
7 0.022762258845820255 0.0015000000000000005
8 0.06986863232717043 0.08789232795897924
9 0.03324310005258769 0.021399904843374947
10 0.09171826503953885 0.031035316235344217


(10, 0)
6.170106600460546
1 0.01544794033592291 0.04744033901124787
2 0.049246999798760904 0.05647056439715043
3 0.08545263728082719 0.07861257074327667
4 0.06060940859150177 0.01643916254458867
5 0.06910492715451534 0.029420326685857878
6 0.046298220694763206 0.07318591061029497
7 0.023558546464644867 0.0017735736289779848
8 0.07045142834030643 0.0885
9 0.03347287237804478 0.022209917917849424
10 0.09097604564126274 0.031421703391399415


(10, 0)
8.537984751852425
1 0.020924138536408787 0.040856336891228036
2 0.07130750318162518 0.04786714156210762
3 0.1052808697069582 0.06566939134873725
4 0.03932216854443521 0.027137019533947045
5 0.07318266784951517 0.006095303110130356
6 0.0748203213096285 0.0885
7 0.04595255143778943 0.00946728763761381
8 0.08684140666969578 0.07141043288008588
9 0.03993476187291383 0.044989924022765276
10 0.07010260179606786 0.042288073393524445


(10, 0)
9.004484508998392
1 0.022003013785588384 0.03955921128185817
2 0.07565368098835674 0.04617216639591829
3 0.10918726396376852 0.06311943326043779
4 0.0351283326806991 0.029244622783964124
5 0.07398603057441022 0.0014999999999999996
6 0.08043950952769886 0.08548294484578539
7 0.05036443296782369 0.010983039499452387
8 0.09007042455889476 0.06804358779708049
9 0.041207829863464156 0.049477852301287636
10 0.06599028863550277 0.04442887568272577


(10, 0)
10.048764828285913
1 0.024418123702424098 0.036655538290052206
2 0.08538279205041001 0.042377889591656684
3 0.11793190011689818 0.057411239406467654
4 0.02574024578947385 0.03396258578639842
5 0.07578439353174526 0.011786789061646492
6 0.09301831064520323 0.07872913357045506
7 0.060240624717697006 0.014376117017703208
8 0.09729872378234482 0.06050675631021572
9 0.04405764881252449 0.05952427805787896
10 0.056784693917515616 0.04922115620131799


(10, 0)
10.116607048010566
1 0.024230212772696793 0.03716922242365154
2 0.08601484886332371 0.04213139240512875
3 0.1185 0.05704040359301848
4 0.025475153605674858 0.03356676795677125
5 0.07590122512633037 0.012455075718870407
6 0.09383549907011646 0.07829036867174242
7 0.060882236704787644 0.014596550081780301
8 0.09776831403995631 0.060017122091974
9 0.04424278879816507 0.060176949386676094
10 0.05618664761900844 0.049532489223610636


(10, 0)
11.285529573354385
1 0.020992504463504685 0.04602000821917856
2 0.09690519780695304 0.03788424195905221
3 0.10871162997469569 0.05065089662664453
4 0.020907611060739233 0.026746820454143075
5 0.07791423536002613 0.023969665456444775
6 0.10791566863426438 0.0707304424854087
7 0.07193722145152512 0.018394615283303127
8 0.10585936165060236 0.05158071672073468
9 0.047432753696652334 0.07142248676698994
10 0.045882300379770154 0.05489676215156424


(10, 0)
12.164230876825524
1 0.018558657523383783 0.052673312306193154
2 0.10509168031930603 0.03469157815790954
3 0.11395612926755426 0.04173941962318212
4 0.017474102422761435 0.021620136152802
5 0.07942745345438096 0.03262540165107924
6 0.1185 0.06504750212790028
7 0.08024746382961136 0.021249693161338592
8 0.09933895280357355 0.04934727332634797
9 0.04983071100652921 0.07987597118539375
10 0.03813632649850311 0.05892918817790107


(10, 0)
12.925543809185204
1 0.016449955574748362 0.05843778132923482
2 0.1121845058136697 0.03192543199324033
3 0.1185 0.03401845384976028
4 0.014499286613185228 0.017178341149974276
5 0.08073851615584973 0.04012479180566027
6 0.10932966155019551 0.060123763001864027
7 0.0874475157340391 0.023723352529836185
8 0.09368962514250613 0.047412202406203655
9 0.051908317929432395 0.08720012899170256
10 0.03142516075169756 0.062422910186172575


(10, 0)
13.06065949554628
1 0.016075709060587997 0.05946084314186074
2 0.11344332061133759 0.031434504121496565
3 0.11769356655239326 0.032648158475146294
4 0.013971324637466712 0.016390023816887478
5 0.08097119989106792 0.04145576256020276
6 0.10770213557350118 0.059249911575992055
7 0.08872536077456249 0.02416237066441866
8 0.09268699829622642 0.04706877144053981
9 0.0522770457855408 0.0885
10 0.03023408185677846 0.06304296618028168


(10, 0)
13.147130005319788
1 0.015836201067608382 0.060115575977478075
2 0.11424892919903251 0.031120323107618853
3 0.11717747021161302 0.031771205230306146
4 0.013633442764451564 0.01588552131617011
5 0.08112011140343335 0.04230754907543652
6 0.1066605614627181 0.058690669490217305
7 0.08954314822057613 0.024443330802501464
8 0.09204534330526762 0.046848984593632924
9 0.05251302198152578 0.0876681165099742
10 0.029471822477442698 0.06343978581938303


(10, 0)
13.279708124915334
1 0.01546898316383387 0.06111942397618851
2 0.1133702847236426 0.03016880916500838
3 0.1185 0.03089645099639858
4 0.013115396282626682 0.01511200913205608
5 0.08134842517592351 0.04361352327152172
6 0.10506360155825215 0.05783322960319789
7 0.09079699444058015 0.024874103870520723
8 0.09106154648999222 0.04651200350087572
9 0.05287482487149305 0.08639265798522304
10 0.0283031128743525 0.06404819672974359


(10, 0)
13.982339242150852
1 0.013522819447037291 0.06643956913302364
2 0.10871368715475718 0.025126021511954137
3 0.11149092048049528 0.026260470741496695
4 0.0103698785500251 0.0110125866045881
5 0.08255843148416209 0.0505348622622652
6 0.09660011055929746 0.05328901108798079
7 0.09744206810047652 0.027157094178278194
8 0.08584766762703605 0.04472608737524684
9 0.05479229035955603 0.07963304447609025
10 0.022109242146299626 0.06727262349781846


(10, 0)
15.612773604307135
1 0.009006805111191512 0.07878480586192273
2 0.09356039203920534 0.011648387170486642
3 0.09957436298609629 0.017278815431012163
4 0.003998987276727606 0.0014999999999999996
5 0.08536621470779743 0.06659562109549186
6 0.07696083440143449 0.042744288779769525
7 0.11286176154756172 0.03245470448179376
8 0.07374901863504353 0.04058192275212168
9 0.05924171131928664 0.06394756475588066
10 0.007736551523794306 0.07475480877536518


(10, 0)
15.757657400290737
1 0.00860550266389251 0.07988182933070782
2 0.09221383864891897 0.010450736489420092
3 0.09851543284765021 0.016480686818291873
4 0.003432856598364441 0.002345308274215205
5 0.08561572017773941 0.0680228136032955
6 0.07521564738491557 0.04180726277549289
7 0.11423198764888272 0.03292546117597929
8 0.07267390746656029 0.040213663645397954
9 0.059637096140373345 0.06255372033231106
10 0.006459364275892755 0.0754196913553851


(10, 0)
16.208944841201856
1 0.007355516402534251 0.08329886372359116
2 0.0880195626125477 0.006720266099031156
3 0.09521705245225344 0.013994657123202678
4 0.001669459502607072 0.004978294283877376
5 0.0863928856589378 0.0724682662514793
6 0.07207524830768182 0.040327837434782104
7 0.1185 0.03439178515215954
8 0.06702957570570953 0.03762735635256148
9 0.06086865004101461 0.05821214107791227
10 0.0024811515243781737 0.07749068318719442


(10, 0)
16.25231280718842
1 0.007235394819809024 0.08362723499629113
2 0.08761649972181805 0.006361774152794731
3 0.09490008362965663 0.013755753840096563
4 0.0015 0.005231319822278355
5 0.08646756995789923 0.07289546679322736
6 0.0717734612247292 0.040185667141440735
7 0.11808985117312414 0.03453269642634853
8 0.06648716489248753 0.0373788165605387
9 0.06098700030479728 0.057794922595047746
10 0.0020988519528530036 0.07768970202791162


(10, 0)
16.32024642013679
1 0.007047230747043225 0.08414161113627132
2 0.08698512313336657 0.005800215579162842
3 0.0944035688215224 0.013381524549019076
4 0.0017654493010831487 0.005627670875429175
5 0.08658455894143924 0.07356465372865884
6 0.07130072780457132 0.03996296493577122
7 0.11744737484244167 0.03475342644545482
8 0.06563750719224291 0.03698949219059307
9 0.06117238970061628 0.05714137202413548
10 0.0015 0.07800145446054596


(10, 0)
16.840457836125054
1 0.005606337285274752 0.08808052044075723
2 0.08215026605974357 0.0014999999999999996
3 0.09060143523567943 0.010515809905464586
4 0.003798165519113699 0.008662786095117758
5 0.08748041891621534 0.07868904897473868
6 0.06768070361901514 0.03825759075166745
7 0.11252751989556446 0.036443698327176664
8 0.05913113109701716 0.03400818480860408
9 0.0625920356744218 0.052136714489247664
10 0.006085794996620708 0.0803887435708978


(10, 0)
16.895858465746887
1 0.005452887355983398 0.0885
2 0.08163537131161232 0.0019579573674727
3 0.09019652179455116 0.010210621686425189
4 0.004014642426117873 0.00898601486130336
5 0.08757582475532272 0.07923477848842998
6 0.06729518416872574 0.03807597458440076
7 0.11200357318211665 0.036623706153997564
8 0.05843822563367363 0.0336906863820372
9 0.06274322282328418 0.05160373660765368
10 0.006574165536599716 0.08064298120532491


(10, 0)
17.836432674121223
1 0.002847663430668364 0.08137820992185084
2 0.07289365260867522 0.00973301139339458
3 0.08332203062091185 0.005029233505684432
4 0.007689918263714815 0.014473689693775492
5 0.08919559464251085 0.0885
6 0.060749957981874284 0.03499255326011437
7 0.10310817310100813 0.03967982158750391
8 0.04667429782073474 0.028300299426749557
9 0.06531002998465193 0.04255500823609492
10 0.014865564698841127 0.08495934662161271


(10, 0)
18.32298488644311
1 0.0015 0.07769415959667282
2 0.06837162496158404 0.013754990418072353
3 0.07976590622440884 0.0023489390006977955
4 0.009591111783327336 0.01731242406100557
5 0.09003348985061559 0.0837071681490201
6 0.05736415997358753 0.033397521785197566
7 0.09850664719224206 0.04126072792327681
8 0.04058890333296413 0.025511891372376843
9 0.06663782070211768 0.03787416671536982
10 0.019154645315462536 0.08719217112794733


(10, 0)
18.477092260892956
1 0.0019268501256037413 0.07652729752395719
2 0.06693934741719212 0.015028885823105265
3 0.07863956257601212 0.0015
4 0.01019328341919428 0.018211546270329653
5 0.09029887931409973 0.08218911784726651
6 0.05629176439453012 0.032892321918586584
7 0.09704918988693285 0.04176145388543915
8 0.03866145517169366 0.024628709191160284
9 0.06705837647415096 0.036391587500423095
10 0.02051314073669798 0.08789938139965989


(10, 0)
18.60797236720139
1 0.0022893648333925467 0.07553630645250783
2 0.06572294464644604 0.01611077802087802
3 0.0776829829381573 0.0022209857870679854
4 0.010704694946381372 0.0189751515861733
5 0.09052426892519357 0.08089987010305996
6 0.05538100170135733 0.03246326644680855
7 0.09581140248227525 0.042186709765588665
8 0.03702451455706282 0.02387864140121843
9 0.06741554552169873 0.03513246459371202
10 0.021666881923877054 0.0885


(10, 0)
21.448302798389626
1 0.010156576935584236 0.054030042615586964
2 0.0393248471526247 0.0395897575180167
3 0.05692350824113093 0.017867656081156976
4 0.02180323210761174 0.03554674124317251
5 0.09541562322891671 0.0529209074898957
6 0.03561583596323255 0.023152001751721565
7 0.06894922050554884 0.051415516583516424
8 0.0015000000000000013 0.007600840065961963
9 0.07516674731578742 0.007807264382538617
10 0.046705111919941505 0.07546551113686138


(10, 0)
22.103914278811597
1 0.011972504588393905 0.049065918259615246
2 0.03323157871166818 0.04500922855486947
3 0.05213175943984581 0.021479255831151806
4 0.024365021503273174 0.0393718329679496
5 0.09654465666851927 0.04646274019426392
6 0.03105359579988065 0.021002754620361223
7 0.06274883103686353 0.05354573060157304
8 0.009699848624754696 0.0038435612246555755
9 0.07695589720745899 0.0014999999999999996
10 0.05248449267600316 0.07245686100014789


(10, 0)
22.51284470661603
1 0.013105169427404058 0.04596960045984858
2 0.029430969746303725 0.048389563823171264
3 0.049142958990561855 0.023731951329823062
4 0.025962909375581985 0.04175769173051661
5 0.0972488788202806 0.0424345295940842
6 0.028207948831427198 0.019662185433990422
7 0.05888140651227825 0.05487442809350565
8 0.014814413738676039 0.0015
9 0.07807185971338798 0.005434086572991546
10 0.05608931766091629 0.07058024867065019


(10, 0)
25.518106103259967
1 0.02142921108478115 0.02321452105590068
2 0.0015000000000000013 0.07323190960820969
3 0.02717803292543482 0.04028718508168257
4 0.03770591114876314 0.059291552625838344
5 0.1024242619746053 0.012830897799627618
6 0.007295068788028013 0.00981023862005156
7 0.030459404044590563 0.06463912890523478
8 0.05240174902212544 0.01872301301212354
9 0.08627315463090464 0.034345993599193464
10 0.08258145576612469 0.05678887926684866


(10, 0)
26.35087980460646
1 0.02373584670353882 0.016908969159210134
2 0.009239818267988802 0.08011585397079954
3 0.021091436664795092 0.044874727218146476
4 0.040959958554586576 0.06415027747852431
5 0.10385838780143897 0.0046275761017882215
6 0.0014999999999999996 0.007080212465629585
7 0.022583518033101706 0.0673449787346725
8 0.06281739684653943 0.023495600285384374
9 0.08854577648400587 0.0423576347343318
10 0.08992256623694567 0.05296721844297946


(10, 0)
26.66838083924405
1 0.02461526832108431 0.014504931606243155
2 0.012190680313728313 0.08274040786098116
3 0.0187708775416506 0.04662376104620298
4 0.04220058781129606 0.0660027016908318
5 0.10440515871061148 0.0015
6 0.0037094121524490387 0.006039370124889027
7 0.019580779169839958 0.06837660367555543
8 0.0667884383855857 0.025315183918619262
9 0.08941223010583971 0.04541213122652248
10 0.09272141803318501 0.05151018243950033


(10, 0)
27.365137903395045
1 0.026545161951482477 0.00922926329408803
2 0.01866635677270708 0.0885
3 0.013678402918137916 0.05046202153101821
4 0.0449231527931438 0.07006785271373424
5 0.10560504926804874 0.008363476035843946
6 0.00855797438342595 0.003755238186842817
7 0.012991258864287432 0.07064050799931608
8 0.07550290209599755 0.02930826618279854
9 0.09131366542702232 0.05211523381888898
10 0.09886350749997179 0.04831271214052883


(10, 0)
28.05308114863941
1 0.028450642864963144 0.00402033099008724
2 0.025060117392516137 0.08281326539583976
3 0.008650346944148263 0.05425172889083449
4 0.04761127794517687 0.07408158049776702
5 0.10678976148194971 0.015140130655785029
6 0.013345203401350446 0.0015
7 0.00648509449675537 0.07287577444660846
8 0.08410712981604232 0.03325083686156802
9 0.09319104802244751 0.05873354368305593
10 0.10492790092741588 0.04515568911597256


(10, 0)
28.385941047601595
1 0.029372605815715352 0.0015
2 0.028153725082700035 0.08006175076312735
3 0.006217532587661766 0.05608537086290823
4 0.0489119216722413 0.07602361428309809
5 0.10736298200638159 0.01841900080632189
6 0.015661494139330094 0.002591192275231237
7 0.003337100488559497 0.07395730343747021
8 0.08827026738493349 0.035158441430489
9 0.09409941566083405 0.06193579905501546
10 0.10786214499112343 0.04362817013495281


(10, 0)
28.580190808374088
1 0.029910643239818114 0.002970810071800117
2 0.029959086904943578 0.07845602697112702
3 0.004797795310132039 0.057155444234703
4 0.04967094891950131 0.0771569427476829
5 0.10769750097393503 0.02033247775062096
6 0.017013230780286076 0.003227988233775172
7 0.0015 0.07458846011449391
8 0.09069978346464595 0.03627167775699379
9 0.09462951915783147 0.06380456528932307
10 0.10957450568461764 0.042736743448939664


(10, 0)
29.03139819738088
1 0.031160407771583368 0.006387238331905327
2 0.03415261893704275 0.07472621831255623
3 0.0015 0.05964103294386336
4 0.05143403321396443 0.07978946170347867
5 0.10847452859714955 0.024777141839412646
6 0.02015307279586979 0.00470715114569868
7 0.005767255267082985 0.07605452398588061
8 0.09634311400218505 0.038857526276097176
9 0.09586085459851554 0.06814537440997653
10 0.11355201275838075 0.04066611898130879


(9, 1)
30.524363417237776
1 0.0352956569372573 0.01769159347489364
2 0.048028272627159065 0.06238494301512655
3 0.012411819753377702 0.06786540511519218
4 0.05726776642720693 0.0885
5 0.11104557518147284 0.03948374696199188
6 0.030542253113662123 0.009601438863072012
7 0.019886846065517598 0.08090546930148611
8 0.11501589379696656 0.04741364037550896
9 0.09993512517055796 0.08250834186367577
10 0.126712878177572 0.0338147898832584


(8, 2)
31.14716906207691
1 0.03702071823737581 0.022407320338908774
2 0.05381664286452183 0.05723665434937336
3 0.016963796482294544 0.07129628571805877
4 0.059701367644013056 0.08486631024721329
5 0.11211811344597067 0.0456187570512694
6 0.03487620547980827 0.011643140824581288
7 0.025776977151710408 0.08292909053872742
8 0.12280543403966744 0.05098291050191696
9 0.10163474862937719 0.0885
10 0.13220306720878477 0.030956688180577473


(8, 2)
32.86171613023191
1 0.041769709867452945 0.03538943720942192
2 0.06975168343794087 0.043063720447718196
3 0.029495118925414086 0.0807412968986401
4 0.06640092771690086 0.07486297748385257
5 0.11507074779043582 0.0625080766148213
6 0.04680731975996004 0.01726382544932683
7 0.041992159317390684 0.0885
8 0.14424957716211434 0.06080889984770515
9 0.10631371138835902 0.07200531987603417
10 0.14731723257495444 0.023088503401863504


(8, 2)
34.270148730340594
1 0.04567081865220124 0.046053732730061796
2 0.08284168898197587 0.03142121583700659
3 0.039789104654458854 0.0885
4 0.07190435132556007 0.06664563528582618
5 0.11749622011731702 0.07638198460415235
6 0.056608258223475476 0.021880995550664396
7 0.05531229009888076 0.08392371822667229
8 0.16186509254574927 0.06888056144275304
9 0.11015729422539124 0.05845559257694206
10 0.15973292160474226 0.016625100820594835


(8, 2)
34.85302749355529
1 0.047285289563656 0.0504671433420761
2 0.08825897784719515 0.02660297413506836
3 0.04404926284011312 0.08528906660672175
4 0.07418193901148433 0.06324489445028465
5 0.1185 0.08212369090174282
6 0.06066436917228223 0.023791807894834666
7 0.06082481611906361 0.08202982748603382
8 0.16915526022534588 0.07222101247125522
9 0.11174795806701893 0.05284804821210576
10 0.16487114509203055 0.013950226565030296


(8, 2)
35.50032900436688
1 0.049078200072836975 0.05536834670936454
2 0.09427501323613185 0.021252195671432255
3 0.04878027553761065 0.0817232444019096
4 0.07671125735887731 0.05946828631211185
5 0.11738527722128786 0.0885
6 0.06516878228677236 0.025913813010336316
7 0.0669466147613282 0.07992661423639306
8 0.17725117459190615 0.07593066726398809
9 0.1135144302270275 0.04662072931086008
10 0.17057727136752887 0.010979711500613365


(8, 2)
37.32722835741758
1 0.05413838762777364 0.06920116667241781
2 0.11125425857451879 0.006150525815482123
3 0.06213276103620943 0.07165931257067179
4 0.0838498318490216 0.048809446730997255
5 0.11423916016571865 0.07050394287377477
6 0.07788172867618734 0.03190281459295213
7 0.08422435904627096 0.07399064952610097
8 0.20010052759291866 0.08640054231864049
9 0.1185 0.02904517188992665
10 0.18668185049644687 0.0025959336802797908


(8, 2)
37.566042001385306
1 0.05479985911340124 0.07100940319962978
2 0.11347379817001484 0.004176424285326915
3 0.06387820788451101 0.07034374790683454
4 0.08478299162264546 0.04741611528305365
5 0.1138278974012238 0.06815148488412774
6 0.07954357449585589 0.032685701339988625
7 0.08648291864636029 0.0732146957985125
8 0.20308741203368685 0.0877691721829584
9 0.11784828260640046 0.02674768193491184
10 0.18878705307365568 0.0015


(8, 2)
37.69356490487511
1 0.05515307496414361 0.07197497438021759
2 0.1146589990192029 0.0031222836812704654
3 0.0648102503184543 0.06964125611083066
4 0.08528128494364386 0.046672097190898765
5 0.1136082892542424 0.06689530760634153
6 0.0804309752345891 0.03310375111900073
7 0.087688955592671 0.072800348147885
8 0.20468236351948538 0.0885
9 0.11750027529448216 0.025520856763056307
10 0.18991119967022185 0.0020852121454184355


(8, 2)
37.88981797066505
1 0.055696661188239696 0.07346095297106672
2 0.11648297960515776 0.0015
3 0.06624462939940359 0.06856014703249899
4 0.08604814006717391 0.04552708066764925
5 0.11327032038011782 0.06496209690305077
6 0.08179665238586706 0.03374711437798182
7 0.08954500216698959 0.07216268232854449
8 0.2071369352890123 0.08737528282579882
9 0.11696470482037714 0.023632817872974343
10 0.19164122000332287 0.002985832148044544


(8, 2)
38.10684135309398
1 0.0562977775097619 0.07510419914765504
2 0.1185 0.003293977028340615
3 0.06783081506524236 0.06736461947215354
4 0.08689615480809817 0.044260882059171974
5 0.11289658278818271 0.06282428609185539
6 0.08330686509761895 0.0344585675725221
7 0.09159748223339219 0.07145752955849444
8 0.20985128507862258 0.08613153193488378
9 0.11637245259057634 0.0215449596047039
10 0.19355433592255278 0.003981768687768595


(8, 2)
38.88196870046341
1 0.058444742940616176 0.08097326742812473
2 0.11129594829485197 0.009701400226966457
3 0.07349608428110513 0.06309463668879563
4 0.08992495018169373 0.03973848839980084
5 0.11156173017918437 0.05518881564294081
6 0.08870078698807331 0.03699961555218906
7 0.09892818278553336 0.06893898436754893
8 0.21954593976838818 0.08168931322981375
9 0.11425714642070099 0.014087901185214023
10 0.20038727922610922 0.007538886080118741


(8, 2)
39.87602362945631
1 0.061198098987414094 0.0885
2 0.10205717852298762 0.01791854110627257
3 0.08076145661922761 0.057618636587758364
4 0.09768884377889055 0.04261887776044477
5 0.10984986074255952 0.045396776875786235
6 0.09173852958686009 0.031578267669525636
7 0.10832937220499762 0.06570909927905712
8 0.2319787604035406 0.07599243075698481
9 0.11154439150161607 0.004524665282315413
10 0.2091501244456471 0.012100678524769466


(8, 2)
40.19042384534224
1 0.06206893188635771 0.08611944106256718
2 0.09913513555928814 0.02051746274638381
3 0.0830593524044349 0.05588668439503426
4 0.10014441213017575 0.04352988882272022
5 0.10930842977657795 0.042299745703197264
6 0.09269930841407442 0.02986360090917979
7 0.11130278534028437 0.06468754952411818
8 0.2359110194545802 0.0741906177715105
9 0.11068639994870462 0.0015
10 0.21192164174156639 0.013543484638992966


(8, 2)
40.39742344324239
1 0.06264228410054626 0.08455209244787983
2 0.09721127645242217 0.02222858031976432
3 0.08457227599519654 0.05474637535782209
4 0.10176114658406304 0.04412969414741514
5 0.10895195421903717 0.0402606751968247
6 0.0933318805970926 0.02873467251794379
7 0.11326046632234424 0.06401496605304292
8 0.2385 0.07300431272259862
9 0.11012150241530458 0.003491425150449056
10 0.21374639546895177 0.014493421281531757


(8, 2)
40.658288406355915
1 0.06336483383360178 0.08257688890785327
2 0.09478679138076374 0.02438496432819185
3 0.08647889205001609 0.053309335489397515
4 0.10379858712962928 0.044885580610428036
5 0.10850271671272275 0.037690998454325234
6 0.09412906049919695 0.0273119747633344
7 0.11572757438609728 0.06316736313906314
8 0.23523731581445706 0.0715093077758979
9 0.10940960743720705 0.006001058278653616
10 0.216045985992868 0.01569055011525829


(8, 2)
40.951436775546334
1 0.06417680288217048 0.08035724357999091
2 0.09309663273815681 0.022205099528661846
3 0.08862146183198936 0.05169445440739133
4 0.10608817161857902 0.045735011983965575
5 0.1079978837110677 0.03480331075023738
6 0.093990526430693 0.030316323334993713
7 0.1185 0.06221486492317171
8 0.23157085736499855 0.06982928813345095
9 0.10860961172535166 0.008821271656558417
10 0.21863016289361342 0.017035829914926266


(8, 2)
42.134659453733505
1 0.06745412008132733 0.07139818064298045
2 0.08627471508195608 0.01340660109829726
3 0.09726942792039217 0.045176376465896805
4 0.11532952710840332 0.04916353682109485
5 0.10596024707708196 0.023147855908598552
6 0.09343136708074304 0.04244265162733178
7 0.10730977278155737 0.05837033563894602
8 0.21677208226687636 0.06304829410563867
9 0.1053806220115971 0.02020438265690055
10 0.22906056959126517 0.022465727314219967


(7, 3)
43.20546603419975
1 0.0704200646054038 0.06329030397308749
2 0.0801009369315486 0.005444033957603954
3 0.10509576455661895 0.0392775707039605
4 0.1236928761663279 0.0522663229868526
5 0.10802839067206159 0.0324667818109289
6 0.09292533256797238 0.05341687682746398
7 0.0971827111867108 0.05489106894448802
8 0.20337931516560004 0.056911551495018205
9 0.09854622583036922 0.010638987866856894
10 0.2385 0.02737973883006455


(7, 3)
43.3495427934159
1 0.07081913170383138 0.06219939118264333
2 0.0792702566161149 0.004372672528191955
3 0.10614879620551973 0.03848388785504181
4 0.12481816270307533 0.05268380209415172
5 0.1083066588786583 0.033720640974549826
6 0.09285724575007126 0.05489345610012291
7 0.09582011756655158 0.054422934475639374
8 0.20157732168135345 0.0560858543022564
9 0.09762665952310783 0.009351966375662414
10 0.23722992698499787 0.028040917857975876


(7, 3)
43.496772949607035
1 0.07122693315322469 0.06108460166765264
2 0.07842139526434945 0.0032778622933722964
3 0.10722487547732844 0.03767283373050243
4 0.12596807829991738 0.05311041853464213
5 0.10859101752014327 0.0350019432574853
6 0.09180519786429706 0.05655837535154636
7 0.09541017182128347 0.053788531782076474
8 0.1997358881039712 0.05524208513838644
9 0.09668696673863114 0.008036775943834092
10 0.23593205597935998 0.02871656806054357


(7, 3)
43.7358599939318
1 0.07188916190940577 0.059274295022067415
2 0.07704292935162127 0.0015
3 0.10732816765493028 0.03957018152813004
4 0.12783542618831462 0.05380320095405889
5 0.11069694041159614 0.03386823142411033
6 0.09009677734770578 0.05926203765253222
7 0.09474446094312328 0.05275832527520627
8 0.1967455841966307 0.05387188842936337
9 0.09516099966621852 0.005901038257990515
10 0.23382444330896432 0.02981375639551774


(7, 3)
44.22853811448833
1 0.07325379302061978 0.055543860868695186
2 0.0742023739503355 0.005163577237239097
3 0.10754101815075194 0.0434799782702215
4 0.13168340319049407 0.055230792906256945
5 0.11503654038920355 0.03153203199976527
6 0.08657629629608063 0.06483337785137577
7 0.09337265434769566 0.05063541557500323
8 0.19058357189219088 0.051048373080379225
9 0.0920164939010037 0.0014999999999999996
10 0.2294813612643296 0.032074693153083526


(7, 3)
44.62174734586348
1 0.0743429129306839 0.052566579993128464
2 0.07193531040638022 0.008087499224907318
3 0.10771089535123593 0.04660040945570675
4 0.13475449568728912 0.05637016222431609
5 0.1185 0.029667497851286896
6 0.08376658019418305 0.06927989639139566
7 0.09227780764256059 0.04894110917764837
8 0.18566563455976776 0.0487949092998162
9 0.08950684582976771 0.005012493854450621
10 0.22601512259588422 0.033879159735902414


(7, 3)
46.32139665551335
1 0.07905064040898482 0.03969726518306299
2 0.0621359143598014 0.02072616991539502
3 0.10844519059023147 0.060088492356689865
4 0.14802931180438195 0.06129509307627731
5 0.10352917463076038 0.02160803758074118
6 0.07162156514405041 0.0885
7 0.08754532605750888 0.04161745940338345
8 0.1644078203352097 0.039054298313751394
9 0.07865887667903664 0.020195270042048605
10 0.21103228473294502 0.041678977586181325


(7, 3)
49.752052622346916
1 0.08855294966299587 0.013721205656226917
2 0.042356330225774105 0.04623668597949902
3 0.10992732830462648 0.08731350390624061
4 0.1748238551623319 0.07123581632877232
5 0.07331132257751205 0.0053404256035965506
6 0.04710746796384781 0.04970519524018676
7 0.07799305189394498 0.02683504361064729
8 0.1215 0.019393368844229354
9 0.056762800892291757 0.05084093407718522
10 0.18079018607014435 0.05742251450073853


(7, 3)
49.90156440111226
1 0.08896707080270808 0.012589140272021015
2 0.04149431408783804 0.04734846246505739
3 0.10999192150435176 0.0885
4 0.17599159097652659 0.0716690440350953
5 0.0719943951867661 0.004631465093862847
6 0.046039116514541324 0.04801447477081616
7 0.07757675322825078 0.02619080959214242
8 0.12336997023405472 0.018536523807715435
9 0.05580854570887896 0.05217650598694083
10 0.17947220198535557 0.05810863524001098


(7, 3)
50.56195508563837
1 0.09079623600420365 0.007588828991012187
2 0.037686805193855824 0.05225915806644036
3 0.11027722843959502 0.08325926930964361
4 0.18114945786868628 0.07358260257808698
5 0.06617755193717269 0.0015
6 0.041320228472755106 0.04054659459889784
7 0.07573796993588837 0.023345240179560127
8 0.13162959320897102 0.014751855570410068
9 0.05159361870452818 0.058075701722559964
10 0.1736506913382631 0.06113921750193991


(7, 3)
51.36610621131102
1 0.09302359215911285 0.0015000000000000005
2 0.03305043972891653 0.0582388629414745
3 0.11062464383856103 0.07687768401059972
4 0.18743014075017836 0.0759127236601121
5 0.059094440141950144 0.005313153697105029
6 0.03557408574294253 0.031453031671149975
7 0.073498901928013 0.01988021879157706
8 0.14168725342214766 0.010143302944458615
9 0.04646114428507296 0.06525909331562223
10 0.1665618960998292 0.06482952718449177


(7, 3)
52.874285103134184
1 0.09720098050088319 0.012919549220283766
2 0.024354974031283817 0.06945375077031982
3 0.11127621859197145 0.06490907271712396
4 0.19920951038070392 0.0802828467863626
5 0.04581012161408324 0.012464692423660594
6 0.02479724181667516 0.01439812840576827
7 0.06929954810131851 0.013381599377594996
8 0.16055031330029468 0.0014999999999999996
9 0.036835230280700015 0.07873148578823634
10 0.1532669183204726 0.07175067296148709


(7, 3)
53.96783006692619
1 0.10022990631844596 0.021199595179235222
2 0.01805009682273358 0.07758540157860076
3 0.11174866008680279 0.05623091479134708
4 0.20775045363746453 0.08345152005302345
5 0.03617797538639221 0.017650104578802547
6 0.016983206316618586 0.0020320200648190033
7 0.06625469562840584 0.00866960362543968
8 0.1742274733794409 0.007767055225799832
9 0.0298557069373835 0.0885
10 0.14362704332078538 0.07676903261970658


(7, 3)
54.014877031620216
1 0.10036021807582039 0.021555822899899647
2 0.01777884566685771 0.07793524497887094
3 0.11176898566925551 0.05585755932535195
4 0.2081179057945858 0.08358784408563254
5 0.035763577022807365 0.01787319362467129
6 0.016647027499595627 0.0015
7 0.06612369866757226 0.008466882104944244
8 0.17481589807953443 0.00803667918796531
9 0.029555430863525977 0.08807973475398737
10 0.14321231244662688 0.07698493466075615


(7, 3)
55.435626018441795
1 0.10429544106979553 0.032313374986485684
2 0.009587460581949633 0.0885
3 0.11238278829954383 0.0445827745759704
4 0.21921441931741814 0.0877046289296376
5 0.023249357263196137 0.024610153978019363
6 0.006494922751020553 0.01756622176321518
7 0.06216778353911609 0.00234499099626228
8 0.1925854566879534 0.016178925421293032
9 0.020487536038123512 0.07538834379280593
10 0.1306880513578097 0.0835048580621662


(7, 3)
55.6317288370807
1 0.10483861113590101 0.033798215943897744
2 0.008456821940917895 0.08704177039217334
3 0.11246751010966231 0.043026541145991304
4 0.22074604636700718 0.08827285957356394
5 0.021522047378980367 0.02554004161236193
6 0.005093650341341185 0.019783806573669734
7 0.06162175738376965 0.0015
8 0.1950381492898154 0.017302781536073498
9 0.019235914709601044 0.0736365793621982
10 0.1289593554912857 0.08440478856937468


(7, 3)
55.710117565895416
1 0.10505573402739099 0.03439175557760327
2 0.008004868590963892 0.08645886818775375
3 0.11250137619605599 0.04240446359931588
4 0.22135828793634738 0.0885
5 0.020831584962210672 0.025911748200276193
6 0.004533515797226546 0.02067024795955539
7 0.06140349281972986 0.0018377706170498618
8 0.19601857097150086 0.01775202368781689
9 0.018735600611204925 0.07293634166112248
10 0.12826833905192697 0.08476452031097474


(7, 3)
56.13464672533122
1 0.10623160458955282 0.037606183029085825
2 0.00555722874960762 0.0833020497698861
3 0.11268478446670255 0.03903548361983149
4 0.22467399929860205 0.0872698775606285
5 0.017092253634283475 0.027924796347758987
6 0.0015 0.025470940892446847
7 0.060221439311432125 0.00366703202116353
8 0.20132823217805487 0.020184980516515367
9 0.01602605388353664 0.06914407041067801
10 0.12452600730866464 0.08671271638703083


(7, 3)
56.47791622342071
1 0.10718240028572579 0.040205332871659435
2 0.0035780947344958855 0.08074948194321145
3 0.11283308632915641 0.0363113643433887
4 0.22735504617096153 0.08627521440742401
5 0.014068672427673908 0.02955252441273983
6 0.003952866716021052 0.02935272714181891
7 0.0592656441546341 0.005146152194908668
8 0.20562156444248939 0.022152242012923838
9 0.01383514490924428 0.06607768257882848
10 0.1215 0.08828800579729526


(7, 3)
56.52411163556921
1 0.10731035339340995 0.04055511285176737
2 0.003311753238866199 0.08040597072696147
3 0.11285304401749334 0.035944766631045066
4 0.2277158474246337 0.08614135784700445
5 0.013661774696354415 0.029771575535096965
6 0.00428296067870222 0.029875117615368593
7 0.05913701824570958 0.00534520444517737
8 0.2061993386244364 0.02241698576713522
9 0.013540303848181223 0.06566502415596298
10 0.12190722422343421 0.0885


(7, 3)
56.83834989342286
1 0.10818073769729661 0.04293444548393147
2 0.0015 0.07806928054221803
3 0.11298880358585967 0.03345103357180378
4 0.23017015083080053 0.08523081607689731
5 0.010893906021356887 0.031261642186069034
6 0.006528381748385238 0.03342861058562056
7 0.05826205729925559 0.006699231380692294
8 0.21012957203775018 0.024217870578674167
9 0.011534686037600007 0.06285796912909072
10 0.12467731381840105 0.08705793712330437


(7, 3)
57.904847263495775
1 0.11113474647200217 0.0510096939023259
2 0.007648933225602991 0.07013875688884183
3 0.11344955977644532 0.024987520034303906
4 0.23849984354841036 0.08214051634766102
5 0.0014999999999999996 0.03631879905598524
6 0.014149145947754545 0.04548885726987815
7 0.05529251579694657 0.011294681265114435
8 0.2234684430832485 0.030329917305349507
9 0.004727793283782368 0.05333106803099617
10 0.13407875744934944 0.08216370089637125


(7, 3)
57.90486729487203
1 0.11113480195536563 0.05100984557484187
2 0.007649048717303619 0.07013860793460376
3 0.11344956843055068 0.024987361069238608
4 0.2385 0.08214045830442684
5 0.0015001764400656397 0.036318894041509696
6 0.014149289083967799 0.04548908379021077
7 0.055292460021841267 0.011294767578675313
8 0.2234686936192106 0.030330032104233295
9 0.004727665434025137 0.053330889092964295
10 0.13407893403098944 0.08216360897088688


(7, 3)
58.41057479186946
1 0.11253552213104 0.05483893487209865
2 0.010564725509372432 0.06637814365295851
3 0.11366804797527869 0.020974165756285978
4 0.23455025931316437 0.08067511222397934
5 0.005954541574378806 0.03871687664734944
6 0.01776287285511877 0.05120776377481353
7 0.053884374598939556 0.013473819795624863
8 0.2297936666369399 0.033228218202401544
9 0.0014999999999999996 0.048813460880150164
10 0.1385368733191513 0.07984287942997177


(7, 3)
59.10668180145145
1 0.11446361522544553 0.060109681135426
2 0.014578158303399123 0.06120185981046433
3 0.11396878534507927 0.015449997329369972
4 0.22911343625939926 0.0786580614898705
5 0.012085980818691191 0.04201770273889782
6 0.022736975489042556 0.05907953401052046
7 0.051946143232404984 0.01647328792981286
8 0.2385 0.03721757503413991
9 0.005942885554496379 0.04259521522847585
10 0.14467323239075944 0.07664839228005471


(7, 3)
60.477911064753194
1 0.11826167735817206 0.07049228239676478
2 0.022484035442560488 0.051005335738330354
3 0.11456119409310579 0.0045681913740708915
4 0.21840368794758006 0.07468476578374747
5 0.024164021697789008 0.04851984862666727
6 0.03253523207375688 0.07458577306947017
7 0.04812811018251875 0.02238180260259205
8 0.22134979332321741 0.04507602603970764
9 0.014694721984766405 0.030346178389880005
10 0.15676096461194328 0.07035571859495846


(7, 3)
60.56395362255286
1 0.1185 0.07114377488824543
2 0.022576077110643383 0.050963284054807385
3 0.11459836684408717 0.003885374544725307
4 0.21773166747456246 0.07443544750080325
5 0.02532594059426525 0.048330083678960675
6 0.033150057822513325 0.07555876606647824
7 0.047888534395910426 0.022752552942340968
8 0.22027364385007234 0.045569131928677876
9 0.01524388645496706 0.029577569895019428
10 0.15751945148656246 0.06996086285948457


(7, 3)
60.86453749558816
1 0.1176674359230529 0.07341971997112663
2 0.022897618470878192 0.050816379334350105
3 0.11472822734274152 0.0015
4 0.21538400927257184 0.07356447089315322
5 0.029385025900270485 0.04766715263173637
6 0.035297910112461854 0.0789578514836954
7 0.047051592542184065 0.024047744251162288
8 0.21651418824025662 0.047291764097148394
9 0.017162355496422407 0.026892487952535366
10 0.1601691742313268 0.0685814609763457


(7, 3)
61.708357407727085
1 0.11533020425734403 0.0798089109828623
2 0.02380027169575863 0.050403978206314544
3 0.11509278074827957 0.008196388992606232
4 0.20879350021521031 0.07111940490501223
5 0.040779971915473 0.04580612658142235
6 0.04132751014485916 0.0885
7 0.04470207127763563 0.02768369519349496
8 0.2059603835057214 0.05212765668968202
9 0.022548014951984687 0.019354739550023346
10 0.16760765983969128 0.06470910826466905


(7, 3)
62.856188793165735
1 0.11215091466918838 0.0885
2 0.025028132862318295 0.04984299718259158
3 0.1155886754700389 0.017305353292033497
4 0.19982856227853388 0.06779343044022058
5 0.056280289558457375 0.043274609987728044
6 0.049529454729556346 0.07552000581644487
7 0.041506064393455604 0.03262960669367008
8 0.19160425355924526 0.058705824868067566
9 0.029874020021844947 0.00910129083723821
10 0.1777260833546945 0.05944162415578597


(7, 3)
63.70712201936406
1 0.10979398038372785 0.08205694877283434
2 0.025938395359962896 0.04942711955595725
3 0.11595630202285365 0.024058192147084337
4 0.193182495915565 0.06532775280021005
5 0.06777129378291746 0.04139789568145069
6 0.055609883662843466 0.06589741798101378
7 0.039136736909116045 0.03629620832412386
8 0.18096148134892728 0.06358248353197889
9 0.0353050800262367 0.0014999999999999996
10 0.18522727462275887 0.05553662791367039


(7, 3)
66.36024319920922
1 0.10244530474181426 0.061968186050532836
2 0.02877649902940028 0.048130456427198286
3 0.11710252332849455 0.045112840430663256
4 0.17246075314260184 0.05764002670375847
5 0.10359904823764825 0.035546495922684634
6 0.07456802783770448 0.035895191243245535
7 0.031749420563772765 0.047728290353959334
8 0.14777842597616497 0.07878739737216674
9 0.05223855950856623 0.025200033203004187
10 0.20861520779383103 0.0433612563120002


(7, 3)
67.46369027040367
1 0.09938895184100151 0.05361316383811453
2 0.02507722480567854 0.0482512696847818
3 0.11757924280601345 0.05386957953479277
4 0.1638424711935635 0.05444266093331534
5 0.1185 0.03311286794698278
6 0.08245281984191039 0.023417107138156066
7 0.03355665327744106 0.051822851194883605
8 0.1339774184901463 0.08511120111402913
9 0.05928128280437825 0.03505700182687699
10 0.21834237237076798 0.038297455142032116


(7, 3)
68.05500530139328
1 0.09775111396237725 0.049135875939650034
2 0.02309485835662789 0.04831601107294337
3 0.11783470715947564 0.058562139413646984
4 0.15922410771170079 0.05272925710182198
5 0.11051488047488145 0.03180873579652848
6 0.08667812085545762 0.016730353525855543
7 0.034525112840192385 0.05401704376990138
8 0.12658173691889596 0.0885
9 0.06305533618004801 0.04033915251579012
10 0.223554963688833 0.0355838662224443


(7, 3)
68.461310980556
1 0.09662571921210489 0.04605943207292112
2 0.021732730380474602 0.04836049631737036
3 0.11801024238553205 0.061786501435019396
4 0.15605072768113049 0.05155193930851337
5 0.10502812765816551 0.030912637657062154
6 0.08958141894193289 0.01213573673877236
7 0.035190562896022626 0.05552472217766037
8 0.1215 0.08617148108749086
9 0.0656485720012845 0.04396863546586305
10 0.2271366508516633 0.03371929906084798


(7, 3)
69.40183778383397
1 0.0940206265905085 0.03893800093417504
2 0.0185796416180753 0.048463471901714086
3 0.11841657582730362 0.06925033731056442
4 0.14870490622500648 0.048826653895657005
5 0.09232725156478523 0.02883832670902813
6 0.09630204778931395 0.0014999999999999996
7 0.036730963746537275 0.05901473481086539
8 0.13326333490902276 0.08078136580860126
9 0.07165146076749536 0.052370255653940684
10 0.23542763212600948 0.02940315119009424


(7, 3)
69.59493700333246
1 0.09348577596190513 0.03747590246998307
2 0.017932282099019876 0.04848461378187622
3 0.1185 0.07078273476804188
4 0.1471967382655086 0.048267126528335765
5 0.08971963926492192 0.028412450674802914
6 0.09768185767930894 0.0036836192821836805
7 0.0370472228907876 0.05973126804858172
8 0.13567846096573366 0.07967472318051994
9 0.07288391169972996 0.05409518927112869
10 0.23712985050763669 0.028517004424071356


(7, 3)
69.75036641264168
1 0.09305526403395228 0.03629903028359369
2 0.01741120952338334 0.048501631302474285
3 0.11843285022115582 0.07201619201484617
4 0.14598278382440497 0.047816751801700676
5 0.08762072016764215 0.028069654569202424
6 0.0987924941527133 0.005441257951399934
7 0.03730178617751208 0.06030801992866656
8 0.13762244405057883 0.07878396447913417
9 0.07387593601188061 0.05548362270919983
10 0.2385 0.027803727235474095


(7, 3)
71.82751059006408
1 0.08730194264881394 0.020571419785725704
2 0.010447644061041084 0.04872905186581258
3 0.1175354668188687 0.0885
4 0.12975960952167032 0.04179798582140175
5 0.059570960465333125 0.023488559279992507
6 0.11363493673946505 0.028930177738206983
7 0.040703746277310895 0.06801567843975509
8 0.16360165328543208 0.06687994799798776
9 0.08713325670172378 0.07403851810798845
10 0.22018944955199074 0.018271557192702362


(7, 3)
72.7066705826528
1 0.08486682522109858 0.013914642620693996
2 0.007500285747252273 0.048825308573917994
3 0.1171556455267892 0.08152315907408732
4 0.122893082895937 0.039250517854493815
5 0.0476987819232546 0.021549591468182774
6 0.11991706287033387 0.03887196164042624
7 0.04214364017039527 0.07127797726000065
8 0.1745974626503445 0.06184152305132479
9 0.09274447333565643 0.0818919554757915
10 0.21243943221032321 0.01423702620768567


(7, 3)
73.44641397180195
1 0.0828178670859017 0.008313492724903927
2 0.0050203175429905395 0.04890630095765076
3 0.11683605604109551 0.07565270091448426
4 0.12931827837838403 0.03865925251599394
5 0.03770928551152553 0.0199181038747406
6 0.11300014073251602 0.045684957240241034
7 0.04335519665324772 0.07402294291591013
8 0.1838495639227045 0.05760208816184205
9 0.0974658669898569 0.0885
10 0.20591840743369688 0.01084228844704735


(7, 3)
74.34627137502048
1 0.08032542149748964 0.0014999999999999996
2 0.0020035717618375184 0.04900482376593172
3 0.11644729289848324 0.06851160940533328
4 0.13713417752235138 0.037940010546521796
5 0.02555760908916669 0.017933488384081375
6 0.10458608298694999 0.0539725940322917
7 0.04482898889864538 0.07736204361391283
8 0.1951042394593618 0.05244504731940623
9 0.10320918432876287 0.08046167499009863
10 0.19798593719078175 0.006712775496063695


(7, 3)
74.49648051122688
1 0.07990936880120939 0.0026373455984201625
2 0.0015 0.04902126973378793
3 0.11638239842116738 0.06731957921996855
4 0.13843885030149675 0.037819950729742625
5 0.023529184571755794 0.017602205474714274
6 0.10318156229130229 0.055356011848574284
7 0.045075002388490625 0.07791942462757034
8 0.19698293166614694 0.05158420575989608
9 0.10416789037857772 0.07911987366472759
10 0.19666180572405217 0.006023454531317741


(7, 3)
75.48218126975316
1 0.07717915232658135 0.01010082250390502
2 0.004804533133947381 0.04912919128503297
3 0.11595654858852794 0.059497251713299955
4 0.1470003598109124 0.037032095506974116
5 0.010218279283825233 0.01542826437301427
6 0.09396483187110014 0.06443426118352003
7 0.04668938943359651 0.0815770642480754
8 0.2093112652151861 0.04593520064868792
9 0.11045910078276876 0.07031471961342915
10 0.18797260462678708 0.0014999999999999996


(7, 3)
76.12778833532988
1 0.07539093513051348 0.014989195960321739
2 0.006968912050423509 0.049199876952472216
3 0.11567762858319312 0.054373840917602854
4 0.1526079146225217 0.036516071861794674
5 0.0014999999999999996 0.014004392347691342
6 0.08792812526483272 0.07038026646251654
7 0.04774676883995323 0.08397271826569219
8 0.21738598685580454 0.04223525664263108
9 0.11457967170943423 0.0645475842837284
10 0.1822814153139184 0.00446273912845518


(7, 3)
76.74202157844451
1 0.07368961786448741 0.019640014766042307
2 0.009028111139281784 0.0492671275900007
3 0.11541226293188428 0.049499406611283235
4 0.15794296555601944 0.03602512482294953
5 0.009794607113847711 0.012649714590078793
6 0.08218477753181681 0.07603732057612379
7 0.04875276399799711 0.08625195344616046
8 0.22506831055549076 0.03871511455101276
9 0.1185 0.0590607077826501
10 0.17686679416862486 0.007281501438232538


(7, 3)
77.3478497690895
1 0.0720115811047653 0.024227192639711397
2 0.011059132534110505 0.04933345798242136
3 0.11515052849436579 0.04469167314957539
4 0.16320501265339002 0.03554089581128307
5 0.017975712380004262 0.011313573988766082
6 0.07652002069173686 0.08161696462249456
7 0.049744993307021375 0.0885
8 0.23264551077886184 0.03524314142340324
9 0.11463331674631515 0.0536489126702835
10 0.17152626568330945 0.010061692333358104


(7, 3)
77.81594015966054
1 0.07071505364965525 0.02777145471873181
2 0.012628391958884638 0.04938470785783877
3 0.11494830057401516 0.04097699980059117
4 0.16727070936253302 0.03516675847218787
5 0.02429680608028413 0.010281211042333323
6 0.07214317213515192 0.08592805116690322
7 0.05051163476076872 0.08676305707516133
8 0.2385 0.032560537209121575
9 0.11164574155192732 0.049467513839797986
10 0.1673999306874328 0.012209794158358796


(7, 3)
78.0951979572973
1 0.06994155902344017 0.02988592415107212
2 0.013564595606108697 0.04941528299380934
3 0.11482765352636079 0.038760864799161694
4 0.1696962612040677 0.03494355207565847
5 0.028067904015540313 0.009665314180124937
6 0.06953199037811901 0.0885
7 0.05096900497870749 0.08572681521764434
8 0.2350072733832697 0.030960123784916325
9 0.10986338565258671 0.04697293533110915
10 0.16493820268260403 0.013491329085870073


(7, 3)
81.79748610791033
1 0.05968687674264697 0.057918713890285675
2 0.025976408987903217 0.04982063591345979
3 0.11322816323918809 0.009380233621143493
4 0.20185325706096507 0.031984370974879536
5 0.0780636116328472 0.0014999999999999996
6 0.034913987371683025 0.05440213140209927
7 0.05703263633528146 0.0719887352688629
8 0.18870210133120244 0.009742482928834183
9 0.08623362425596018 0.013900811538505524
10 0.13230159772675984 0.030481406415396595


(7, 3)
82.26553811744824
1 0.058390455596199084 0.061462685357828076
2 0.027545539741379726 0.04987188158664788
3 0.11302595190049917 0.00566586485649537
4 0.2059186204036404 0.03161026431314472
5 0.08438418703556838 0.002532278297917772
6 0.030537497694435936 0.05009139834487768
7 0.05779921492832578 0.07025193476451667
8 0.18284809214842704 0.007060098674464693
9 0.083246294027555 0.009719755561473621
10 0.12817560106938222 0.03262933210696461


(7, 3)
82.79048368453998
1 0.05693644937457496 0.06543744045742192
2 0.022315760758795673 0.04941653367982547
3 0.11279916098047893 0.0015000000000000005
4 0.21047814460579378 0.031190683519354168
5 0.09147305316906325 0.0036900340717513627
6 0.03261867226503656 0.04576950146956776
7 0.058658974156030656 0.0683040193467849
8 0.17628250518887928 0.004051660093123942
9 0.07989584209297483 0.0050304758314877445
10 0.12354807333530837 0.03503834659094097


(7, 3)
82.84269189106135
1 0.056791841891703033 0.06583274779616398
2 0.021795635629067382 0.049371247274817495
3 0.11277660559963214 0.0019143140668335802
4 0.21093160987173368 0.03114895431520834
5 0.09217807290882454 0.0038051781101637347
6 0.03282565447157448 0.04533966931405434
7 0.058744481092620954 0.0681102903646001
8 0.17562952792531816 0.003752457294571584
9 0.07956262452241875 0.004564105792521773
10 0.1230878448111161 0.03527793395690197


(7, 3)
83.1857059242398
1 0.05456993004774667 0.0669465184004904
2 0.018378352592682456 0.04907371028848987
3 0.11262841410504465 0.0046364060239471715
4 0.2139109297936449 0.030874788555280776
5 0.0968101351940315 0.004561687931969506
6 0.03418555181705563 0.042515621696328026
7 0.060578095423717684 0.0683209131783062
8 0.17133939080566368 0.0017866598556629983
9 0.07737334604652288 0.0015
10 0.12006408949015265 0.0368520510195757


(8, 2)
83.23572549965236
1 0.054245922641959196 0.06710893255077802
2 0.0178800317369418 0.04903032234430655
3 0.1126068042730202 0.005033351544417898
4 0.21434538524764282 0.030834808689800736
5 0.09748559965431519 0.004672004993144885
6 0.034383857079366156 0.04210380862420788
7 0.06084547984954419 0.06835162697626997
8 0.17071378713808671 0.0015
9 0.07705409735920397 0.0019468192433438683
10 0.1196231543018614 0.037081594593624326


(8, 2)
84.79188640025605
1 0.04416571599818529 0.07216180531704412
2 0.002376752765402307 0.047680478373445974
3 0.11193449997239968 0.0173827386300015
4 0.2278617452924688 0.02959099358424903
5 0.1185 0.008104083251600096
6 0.04055333958788951 0.02929187657750256
7 0.06916408682430557 0.06930716510521306
8 0.15125060779824456 0.010418285600708666
9 0.06712193938550978 0.015847829605666195
10 0.10590520299860481 0.04422293339894247


(8, 2)
84.87989154907133
1 0.043595652783366044 0.07244755907140683
2 0.0015 0.04760414101046062
3 0.11189647932813192 0.01808113019595252
4 0.22862613236627619 0.029520652443162453
5 0.1173115782699793 0.008298176650145123
6 0.040902240672645765 0.02856732683078663
7 0.06963452676690132 0.06936120339598602
8 0.15014991185249954 0.010922639007328198
9 0.06656024872730548 0.016633969705410652
10 0.10512941538858607 0.04462679561142872


(8, 2)
86.01668627031133
1 0.036231937567796094 0.07613874491572427
2 0.012825336403144434 0.04661806334974016
3 0.11140535274879436 0.02710250969725897
4 0.2385 0.028612030175605666
5 0.10196029976546808 0.010805352126396233
6 0.04540912369852761 0.01920805253342449
7 0.07571137170839184 0.07005923577843737
8 0.13593181941520951 0.017437556577524965
9 0.05930468489027738 0.02678882913778683
10 0.09510828285549155 0.04984363164253745


(8, 2)
87.17056933876505
1 0.02875753066793551 0.07988541682464036
2 0.024320915750906204 0.045617162927151386
3 0.11090684353356238 0.036259498963798216
4 0.2284777079627185 0.027689749458986758
5 0.08637826018126626 0.013350215572395496
6 0.049983754384175134 0.009708089221701424
7 0.08187956404478493 0.0707677610137274
8 0.1215 0.024050406669247675
9 0.05194005510513919 0.03709633685454093
10 0.084936512226529 0.055138887377565546


(8, 2)
88.1675389971206
1 0.022299547968397178 0.08312258904349262
2 0.03425324262896262 0.044752372222064206
3 0.11047612522632269 0.04417125424491245
4 0.21981832007366847 0.026892887180569213
5 0.07291517964437795 0.015549009982057256
6 0.05393629352480446 0.0014999999999999996
7 0.08720896073532293 0.07137993583548814
8 0.13396927567029068 0.029763993320220918
9 0.045576921230020044 0.046002154721025756
10 0.07614797293162687 0.05971405573334243


(8, 2)
89.82364970168094
1 0.011571905267402746 0.0885
2 0.05075227319231329 0.0433158298640335
3 0.10976063986195732 0.057313823332247854
4 0.20543382516170658 0.025569183757614102
5 0.05055105691844141 0.019201525310331764
6 0.0605020323375452 0.015134822594769594
7 0.09606185894950381 0.0723968466982044
8 0.15468254486821592 0.039255086589516
9 0.035006836135838514 0.06079600544450502
10 0.06154893886699559 0.06731407166729333


(8, 2)
91.37852905342491
1 0.0014999999999999996 0.08345128843797013
2 0.06624278471192666 0.04196709753336448
3 0.10908888922568444 0.06965304029793477
4 0.19192859627677297 0.024326392974052233
5 0.029553962611476702 0.022630777141277546
6 0.06666643407757555 0.027936203600834583
7 0.1043736152822276 0.07335159791057666
8 0.1741296956500345 0.048166027693432756
9 0.025082857615644744 0.07468556787495105
10 0.04784228474055628 0.07444952934900838


(8, 2)
91.71912392842742
1 0.0037062414757392387 0.08234537286872383
2 0.06963596684456604 0.04167165897148454
3 0.10894174287395136 0.07235593429118456
4 0.1889702884577226 0.02405416080947512
5 0.024954568643787055 0.023381951563526487
6 0.06801674054203272 0.030740334197031517
7 0.10619429777184979 0.07356073527513918
8 0.17838957593094454 0.05011796104957327
9 0.0229090193562185 0.07772806359947862
10 0.04483985490980383 0.0760125447138105


(8, 2)
92.92499787667765
1 0.01151742512647248 0.07842988596097564
2 0.08164950620092866 0.0406256606572794
3 0.11751146595951417 0.07793909051656835
4 0.17849641879109426 0.023090324594567616
5 0.008670444100411488 0.026041479738679606
6 0.07279749183087933 0.040668340405053315
7 0.10354971853973143 0.07828760720519311
8 0.1934716544659681 0.05702876845051605
9 0.015212559082902692 0.0885
10 0.03420977154660843 0.08154639048619873


(8, 2)
93.06409775592446
1 0.01241846018421484 0.07797822701532005
2 0.08303529107191095 0.040505002739916286
3 0.1185 0.0785831183255229
4 0.1772882377801446 0.02297914423338486
5 0.006792039014282592 0.0263482614288837
6 0.07334896068709978 0.041813555016166924
7 0.10324466123885842 0.07883286097374803
8 0.1952114012330799 0.057825943376107546
9 0.014324757587398497 0.08725743641800948
10 0.03298357098530633 0.08218473023955904


(8, 2)
93.45598446518224
1 0.014956950264986342 0.0767057662563445
2 0.08693946896026745 0.04016507265200135
3 0.1157149986454847 0.08039754073974996
4 0.17388442403758414 0.022665915306703387
5 0.0014999999999999996 0.02721255885089154
6 0.07490261635159481 0.04503997324005998
7 0.10238522194659232 0.08036900684408521
8 0.2001127975477063 0.06007182784404842
9 0.011823550480453814 0.08375675650493919
10 0.029528990683291203 0.08398312766942975


(8, 2)
94.44025090393706
1 0.021332646435819995 0.07350984154110161
2 0.09674523980081484 0.039311300964537554
3 0.10872016238189249 0.08495466157559205
4 0.1653353726116758 0.02187920651332868
5 0.014791536230470272 0.029383336592233755
6 0.07880479290369088 0.0531434763702873
7 0.10022664593076654 0.08422720562829085
8 0.21242319180593572 0.06571261293548891
9 0.005541494586281277 0.07496441507089534
10 0.020852433477008464 0.0885


(8, 2)
95.07346836501951
1 0.025434383509204076 0.07145377698955914
2 0.10305367933621427 0.03876203592918408
3 0.10422010804180681 0.08788643733457092
4 0.15983543029379552 0.021373085685535163
5 0.02334250626698929 0.030779883620379873
6 0.08131521714627672 0.058356779878316806
7 0.09883794875439644 0.08670933723645254
8 0.22034295447404162 0.06934155269557292
9 0.0015000000000000005 0.06930795468515002
10 0.015270461656401101 0.08559411769356313


(8, 2)
95.2059882523363
1 0.026292795931752832 0.07102348335517217
2 0.1043739109276597 0.03864708562369555
3 0.103278335695466 0.0885
4 0.15868440117503368 0.021267164609143456
5 0.02513205512711019 0.031072153284716283
6 0.0818405992751525 0.059447821164909403
7 0.09854732190873884 0.08722879827667201
8 0.22200040411947466 0.07010101799405612
9 0.002345804861808249 0.06812416943126669
10 0.014102265385553056 0.08498597401548676


(8, 2)
95.53028496775725
1 0.028393464252150957 0.06997048810197924
2 0.10760472237316938 0.038365784399695485
3 0.10097367271410895 0.08699851700652354
4 0.15586765442006528 0.02100795930899428
5 0.02951135871069391 0.0317873824784667
6 0.08312629082066364 0.062117768391659035
7 0.09783611294706344 0.0885
8 0.22605644043879825 0.07195954735716623
9 0.004415620525896436 0.0652272633338413
10 0.011243507947151314 0.08349775212443779


(8, 2)
95.65070447035089
1 0.02917349507647858 0.06957948455925647
2 0.10880440367964542 0.03826133020123375
3 0.10011789355673842 0.08644097871942576
4 0.15482172571639266 0.020911709881142135
5 0.03113750394795646 0.03205296501339948
6 0.0836037003318834 0.06310918674931679
7 0.09757202322511262 0.0880279709231078
8 0.22756254843449797 0.07264966591470658
9 0.005184194985266085 0.06415156945621563
10 0.010181979623247892 0.08294513801721055


(8, 2)
96.52519851786958
1 0.03483812828010105 0.066739992090801
2 0.1175165652385007 0.03750277720254406
3 0.09671885710986912 0.08063691609734823
4 0.14722612528797008 0.020212740445785648
5 0.04294667355718333 0.033981642187124315
6 0.08707067841100197 0.070308929595774
7 0.09283850100934773 0.08635525020082076
8 0.2385 0.07766135054761693
9 0.010765631341648953 0.056339812451120116
10 0.00247309376562515 0.0789320194032277


(8, 2)
96.63558602670464
1 0.035553175740499966 0.06638156254992755
2 0.11861630263954914 0.03740702494890402
3 0.09628979625248069 0.07990426844149316
4 0.14626733155829394 0.02012450943387679
5 0.04443734672788356 0.0342250993829264
6 0.08750831555035762 0.07121775416619673
7 0.0922409878222697 0.08614410242453348
8 0.23711936392277844 0.07829397621644066
9 0.01147017685210805 0.055353733245819596
10 0.0015 0.07842544286595551


(7, 3)
98.41644569791144
1 0.047088893854458365 0.06059909022994339
2 0.13635814686733597 0.035862272931812024
3 0.08936784298548354 0.06808460988333052
4 0.1307993034797041 0.018701096110064607
5 0.0684860797835119 0.038152745782818256
6 0.09456862826441101 0.085879639761297
7 0.08260142670606106 0.08273769744788988
8 0.2148458373572774 0.0885
9 0.022836469101544035 0.03944551402910233
10 0.017198727707444187 0.07025294459030704


(7, 3)
98.73471948629098
1 0.049150547989913085 0.05956565149176699
2 0.13952895480156857 0.03558619611086092
3 0.08813075714155492 0.06597221014320398
4 0.12803487011365577 0.018446704841440606
5 0.07278404974661198 0.038854691544924116
6 0.09583044159590347 0.0885
7 0.08087865220317574 0.08212890752794262
8 0.21086513085064376 0.08667598775108208
9 0.02486784358463598 0.03660241006176629
10 0.020004391523055918 0.06879236236208842


(7, 3)
99.48708989723512
1 0.05402411165035201 0.05712269590913456
2 0.1470244575906914 0.03493357550930689
3 0.08520639824442876 0.06097868846914749
4 0.1215 0.01784534692161404
5 0.08294406148941705 0.040514027754119886
6 0.0988132540341608 0.08230570571126117
7 0.07680616930315678 0.08068978329285745
8 0.201455101185642 0.0823641879881402
9 0.02966982888919641 0.029881569771548273
10 0.026636726685402578 0.06533967825367508


(6, 4)
102.66428982911552
1 0.07460478030069165 0.04680629032244167
2 0.1786773649945398 0.03217761102606893
3 0.07285706505217374 0.039891446743697184
4 0.1490962326241665 0.01530586063385446
5 0.12584897660514552 0.047521271545389696
6 0.11140943184470305 0.05614769749356534
7 0.059608400485684165 0.07461247701503324
8 0.1617173002624001 0.0641558032433049
9 0.049948227880717504 0.0015000000000000013
10 0.05464454639693579 0.050759270047178236


(5, 5)
104.9396021652356
1 0.08934337096848236 0.0394183243778723
2 0.20134520215750312 0.030203961233463996
3 0.06401324320978649 0.02479008004932403
4 0.16885893244364053 0.01348723901676049
5 0.15657479957380754 0.05253942230149933
6 0.12043002839977301 0.037414964249790864
7 0.04729243158756767 0.07026028947859148
8 0.13325956685264753 0.05111609427975072
9 0.06447035188028138 0.02182510927993047
10 0.0747019992056304 0.040317691497138895

