1000 1 40336900 42935300 
1000 1 32142100 28190500 
1000 1 19152700 21614400 
1000 1 13554500 42822900 
1000 1 9055800 19635200 
1000 1 9581600 13836400 
1000 1 7599400 15420700 
1000 1 2635700 7897900 
1000 1 2875000 8402900 
1000 1 2999400 8690000 
1000 2 2725900 8979400 
1000 2 3496500 9040500 
1000 2 2592800 9336600 
1000 2 2559900 9300200 
1000 2 4032500 13757800 
1000 2 2575800 9431200 
1000 2 2610100 9908300 
1000 2 3298800 11589600 
1000 2 2929900 11697000 
1000 2 3812400 13477400 
1000 3 3295600 7361000 
1000 3 2875700 5420100 
1000 3 2894500 5069000 
1000 3 3211300 5960200 
1000 3 2817400 5752400 
1000 3 3076400 5629900 
1000 3 2896000 5127000 
1000 3 4368500 8434200 
1000 3 2902300 5158700 
1000 3 3704500 7294600 
1000 4 3439100 4836600 
1000 4 3001700 3031300 
1000 4 3018400 5227600 
1000 4 2798100 3122100 
1000 4 3477200 5296200 
1000 4 3130400 4679900 
1000 4 5242900 7153900 
1000 4 3506000 4803900 
1000 4 3017400 4318100 
1000 4 3313900 4958100 
1000 5 4084300 3636700 
1000 5 4070300 3064400 
1000 5 3367100 3290500 
1000 5 3183000 2878500 
1000 5 4218600 3812500 
1000 5 3304100 2397500 
1000 5 2698700 2501000 
1000 5 3656600 2193500 
1000 5 2556300 2232600 
1000 5 2844800 2479100 
1000 6 2734700 1698700 
1000 6 2969400 3114200 
1000 6 2773800 2678500 
1000 6 3009200 2093400 
1000 6 2832600 2174600 
1000 6 2857100 1815300 
1000 6 2837400 1716700 
1000 6 2910800 1686500 
1000 6 3719500 1847900 
1000 6 3012200 1906700 
1000 7 3217300 1377200 
1000 7 3184600 1459800 
1000 7 3235400 1969000 
1000 7 2828900 1346000 
1000 7 2977700 1347300 
1000 7 3039200 1447200 
1000 7 2706000 1334200 
1000 7 3627500 1645200 
1000 7 3361400 1331600 
1000 7 2587400 1371600 
1000 8 2570200 1044400 
1000 8 3200400 1386800 
1000 8 2958600 1166700 
1000 8 3501400 1200500 
1000 8 2545500 1115200 
1000 8 2774800 1549600 
1000 8 2720800 1119200 
1000 8 2836900 1300400 
1000 8 3383800 1099000 
1000 8 2628300 1037300 
1000 9 3506100 1126900 
1000 9 2675200 878800 
1000 9 2876800 1718300 
1000 9 2921300 1028700 
1000 9 2723300 915800 
1000 9 3025600 942200 
1000 9 2803100 1017800 
1000 9 2611500 1402700 
1000 9 2720700 963300 
1000 9 2750100 921400 
1000 10 2674700 1078000 
1000 10 2699600 765100 
1000 10 3239600 1131300 
1000 10 2766400 746700 
1000 10 2706100 784700 
1000 10 2583000 776700 
1000 10 2582000 713400 
1000 10 2944100 891100 
1000 10 2809000 889800 
1000 10 2990800 779500 
1000 11 2788500 735400 
1000 11 3419600 847100 
1000 11 3003700 947300 
1000 11 2614500 667300 
1000 11 2798000 673200 
1000 11 3521500 1019200 
1000 11 2629000 685100 
1000 11 2583200 857800 
1000 11 2634700 915300 
1000 11 2502300 639000 
1000 12 2849900 652800 
1000 12 2584500 610500 
1000 12 2657300 630100 
1000 12 2881600 845500 
1000 12 2719900 898000 
1000 12 3024200 789700 
1000 12 2653400 595500 
1000 12 2689900 597500 
1000 12 3395000 783500 
1000 12 2765700 653700 
1000 13 4289300 999700 
1000 13 2654600 558000 
1000 13 3845400 819500 
1000 13 2669800 700100 
1000 13 2994400 605500 
1000 13 2875800 722100 
1000 13 2927400 916600 
1000 13 3329200 935200 
1000 13 2802000 626600 
1000 13 3408700 696900 
1000 14 2577700 504200 
1000 14 2810300 557300 
1000 14 3443700 495500 
1000 14 3146700 764900 
1000 14 3080000 496300 
1000 14 2548400 564300 
1000 14 2529200 525200 
1000 14 2656300 577900 
1000 14 2651600 613400 
1000 14 3303700 575600 
1000 15 2539600 473800 
1000 15 3514400 747300 
1000 15 3260200 506000 
1000 15 2463700 659400 
1000 15 3000500 493900 
1000 15 2666600 512400 
1000 15 3087800 566700 
1000 15 2720800 492500 
1000 15 2956900 457500 
1000 15 2826700 457700 
1000 16 3036800 482500 
1000 16 3828600 554200 
1000 16 2424300 558800 
1000 16 2910700 517600 
1000 16 3272700 575800 
1000 16 3257200 638200 
1000 16 3131800 742300 
1000 16 3734100 573200 
1000 16 2918800 558500 
1000 16 2967400 518000 
1000 17 3765900 630200 
1000 17 2984700 558300 
1000 17 2841800 601000 
1000 17 3245300 672700 
1000 17 3456900 487700 
1000 17 2890600 463700 
1000 17 2601800 463100 
1000 17 2781300 467200 
1000 17 2854900 545200 
1000 17 2683800 495900 
1000 18 3123900 428200 
1000 18 2922600 523400 
1000 18 3786200 511400 
1000 18 2511700 503000 
1000 18 3578700 514500 
1000 18 3002000 705200 
1000 18 3453600 546400 
1000 18 2856300 680000 
1000 18 3096100 489200 
1000 18 3233100 549200 
1000 19 2753700 518400 
1000 19 2949700 633100 
1000 19 3225800 450800 
1000 19 2997300 514500 
1000 19 3048100 399500 
1000 19 2630400 427200 
1000 19 3149700 425800 
1000 19 2617800 415900 
1000 19 3985200 544700 
1000 19 2912700 454200 
1000 20 2680200 401600 
1000 20 2714000 415400 
1000 20 2731400 386200 
1000 20 3398100 396700 
1000 20 2840600 390500 
1000 20 3363700 653400 
1000 20 2814000 458800 
1000 20 2446900 486000 
1000 20 2921700 603400 
1000 20 2370200 375600 
1000 21 3397600 494700 
1000 21 2783800 356800 
1000 21 2503200 380100 
1000 21 3005400 364000 
1000 21 2504700 380400 
1000 21 3176000 456300 
1000 21 2626800 357200 
1000 21 2640500 535800 
1000 21 2733100 386500 
1000 21 2899100 355200 
1000 22 2915100 408800 
1000 22 2710300 424300 
1000 22 3443800 405400 
1000 22 2633200 466700 
1000 22 2700000 383200 
1000 22 2965300 399800 
1000 22 2598100 467100 
1000 22 4199700 765200 
1000 22 2565500 404800 
1000 22 3121200 388700 
1000 23 2851400 431100 
1000 23 2573700 380200 
1000 23 2792900 387200 
1000 23 2760300 519400 
1000 23 3573300 582300 
1000 23 3126900 757400 
1000 23 3152300 579500 
1000 23 3606200 403000 
1000 23 3290900 443600 
1000 23 3253400 626100 
1000 24 2742000 399400 
1000 24 3673000 585400 
1000 24 2665000 379700 
1000 24 2825800 454600 
1000 24 2432800 388700 
1000 24 3501800 472400 
1000 24 2464200 361800 
1000 24 2748200 455800 
1000 24 2526900 459700 
1000 24 2742400 367900 
1000 25 3199700 534700 
1000 25 2746900 353400 
1000 25 2870200 574000 
1000 25 2462300 349600 
1000 25 2441300 367000 
1000 25 3037600 354100 
1000 25 3257500 396900 
1000 25 3950000 370000 
1000 25 2834800 371800 
1000 25 2461900 356400 
1000 26 2632000 410100 
1000 26 3023900 370500 
1000 26 2681000 428600 
1000 26 2653200 384300 
1000 26 2717000 353800 
1000 26 3018900 412800 
1000 26 2860500 451200 
1000 26 2786900 442300 
1000 26 2504000 418800 
1000 26 4019000 356700 
1000 27 2850700 435800 
1000 27 3137900 389900 
1000 27 3261500 360100 
1000 27 2853800 425000 
1000 27 2596100 420900 
1000 27 2709800 407000 
1000 27 2679700 343100 
1000 27 2684100 375200 
1000 27 2564700 344800 
1000 27 3143200 429500 
1000 28 2955300 337100 
1000 28 2728300 412400 
1000 28 2991600 366400 
1000 28 3021700 379500 
1000 28 2901500 491800 
1000 28 2477800 346600 
1000 28 2780200 373600 
1000 28 2560300 337800 
1000 28 3191000 359600 
1000 28 2627900 314800 
1000 29 3442400 588300 
1000 29 2885800 307300 
1000 29 2928000 453100 
1000 29 2630600 313900 
1000 29 2912800 308100 
1000 29 2946900 366700 
1000 29 3996400 324100 
1000 29 3714300 327200 
1000 29 2559000 419100 
1000 29 3151800 378100 
1000 30 2455400 315300 
1000 30 3048900 304300 
1000 30 3545500 387300 
1000 30 2624300 389700 
1000 30 2996000 366400 
1000 30 2790400 346500 
1000 30 3199600 561700 
1000 30 2757000 301300 
1000 30 3028300 306900 
1000 30 2855800 318500 
1000 31 3283200 358600 
1000 31 2603900 313400 
1000 31 2731500 358500 
1000 31 3548200 519900 
1000 31 2748400 295500 
1000 31 2649900 304000 
1000 31 2883600 507600 
1000 31 2590300 311200 
1000 31 2747700 300200 
1000 31 2876500 393600 
1000 32 3159600 471400 
1000 32 3276200 601900 
1000 32 2498300 305400 
1000 32 3015800 307500 
1000 32 2573900 490100 
1000 32 3080700 413300 
1000 32 3216100 359300 
1000 32 2859200 313900 
1000 32 3150300 366700 
1000 32 3011400 301900 
1000 33 2964700 316900 
1000 33 2743300 392200 
1000 33 2716500 324900 
1000 33 2995800 447400 
1000 33 2537600 294500 
1000 33 3094000 360100 
1000 33 2442500 397900 
1000 33 3316100 309600 
1000 33 2302100 290300 
1000 33 3549700 335900 
1000 34 2641000 294300 
1000 34 3461700 455900 
1000 34 2780600 309000 
1000 34 3006800 316200 
1000 34 2855500 436100 
1000 34 2973100 409300 
1000 34 2568200 305900 
1000 34 2786500 318200 
1000 34 3302200 535400 
1000 34 2528500 299700 
1000 35 3393700 337300 
1000 35 2632600 368000 
1000 35 3177800 321000 
1000 35 2912600 493500 
1000 35 2761500 303100 
1000 35 2554400 384700 
1000 35 2674900 311500 
1000 35 2809500 471000 
1000 35 2587000 291000 
1000 35 2953100 408400 
1000 36 2997100 370700 
1000 36 2914500 349400 
1000 36 2503000 327400 
1000 36 3697500 346600 
1000 36 2587000 320600 
1000 36 2899200 417600 
1000 36 2564800 455900 
1000 36 2691200 323300 
1000 36 2776700 411600 
1000 36 2898000 369200 
1000 37 3006200 333000 
1000 37 2327700 342800 
1000 37 2719800 406300 
1000 37 2461400 302500 
1000 37 3144700 444900 
1000 37 3294700 302300 
1000 37 3409000 472100 
1000 37 2905500 481500 
1000 37 3161000 349000 
1000 37 2819800 339100 
1000 38 2758000 394400 
1000 38 2812800 396300 
1000 38 2663300 292800 
1000 38 2642400 311300 
1000 38 2420900 317500 
1000 38 2798400 356700 
1000 38 3009100 320500 
1000 38 3385700 399100 
1000 38 2577900 298400 
1000 38 2885500 290800 
1000 39 2716200 351700 
1000 39 3325800 311500 
1000 39 2832500 291300 
1000 39 3053300 394300 
1000 39 2895900 362400 
1000 39 2750500 294900 
1000 39 3122500 377000 
1000 39 2955100 366700 
1000 39 2634100 308100 
1000 39 2445200 537100 
1000 40 2725300 306200 
1000 40 2831900 332700 
1000 40 3360800 314500 
1000 40 2571800 299000 
1000 40 2708200 376700 
1000 40 2694400 294700 
1000 40 3147700 324800 
1000 40 2453300 314100 
1000 40 3324400 409900 
1000 40 2615600 290200 
1000 41 3112800 323700 
1000 41 2820100 347000 
1000 41 3226700 365700 
1000 41 2659000 360800 
1000 41 2872300 472200 
1000 41 2808000 308800 
1000 41 2798600 346700 
1000 41 2620700 299900 
1000 41 2982100 522200 
1000 41 2479600 400400 
1000 42 3028700 398100 
1000 42 2680800 340700 
1000 42 2425700 287800 
1000 42 2533500 295500 
1000 42 2896500 520400 
1000 42 3195700 327200 
1000 42 3216000 322000 
1000 42 2804400 314600 
1000 42 2803600 315900 
1000 42 3027400 324700 
1000 43 3028200 318000 
1000 43 2582900 371700 
1000 43 2814800 497600 
1000 43 3004700 346200 
1000 43 2457900 315400 
1000 43 2737400 363600 
1000 43 2747100 339800 
1000 43 2862300 330200 
1000 43 2653900 335600 
1000 43 2466000 344400 
1000 44 2564600 441400 
1000 44 3138300 345900 
1000 44 3118400 317700 
1000 44 3229400 328300 
1000 44 2439800 356700 
1000 44 2718800 383300 
1000 44 2799100 330600 
1000 44 3136200 487700 
1000 44 3158400 539200 
1000 44 3296100 346000 
1000 45 3266300 450100 
1000 45 2866700 393700 
1000 45 3229000 405200 
1000 45 2677800 320000 
1000 45 3322700 352600 
1000 45 2429800 314200 
1000 45 3553400 470900 
1000 45 2865700 517200 
1000 45 3433000 390300 
1000 45 2460000 361200 
1000 46 3157800 662400 
1000 46 2704600 359800 
1000 46 3231600 575300 
1000 46 2410200 321800 
1000 46 2585400 338300 
1000 46 2899100 601700 
1000 46 3205600 337100 
1000 46 4019100 399300 
1000 46 3716300 650900 
1000 46 2670300 366600 
1000 47 2642100 394800 
1000 47 2909600 319600 
1000 47 2592700 343400 
1000 47 2787700 312300 
1000 47 3658500 348200 
1000 47 3017500 360100 
1000 47 3053000 327100 
1000 47 2713000 382400 
1000 47 2487900 310000 
1000 47 3413900 359000 
1000 48 2628600 312800 
1000 48 3283500 550800 
1000 48 3755300 443800 
1000 48 3047200 352000 
1000 48 2429500 303800 
1000 48 3207800 514700 
1000 48 3335600 571000 
1000 48 3115500 357600 
1000 48 2798700 350400 
1000 48 2865800 374200 
1000 49 2780800 317000 
1000 49 3077300 315900 
1000 49 2638100 367500 
1000 49 2964700 315500 
1000 49 4423500 364200 
1000 49 2385400 315000 
1000 49 3679800 399200 
1000 49 2504500 317400 
1000 49 3147900 337100 
1000 49 2671700 542400 
