150 10 2023600 848600 
150 10 2003700 517800 
150 10 2148100 389700 
150 10 620100 423000 
150 10 941600 775000 
150 10 741000 621800 
150 10 427400 390600 
150 10 414000 574700 
150 10 725000 544500 
150 10 669700 676000 
200 10 1350700 788500 
200 10 1233200 750100 
200 10 1294800 831500 
200 10 1335000 564000 
200 10 1191800 298400 
200 10 1192000 409200 
200 10 1254100 388200 
200 10 815600 364400 
200 10 707900 232700 
200 10 701000 232300 
250 10 1449400 298800 
250 10 1142400 299100 
250 10 1099300 430100 
250 10 1110400 303600 
250 10 1105800 283600 
250 10 1120200 325500 
250 10 1637400 541600 
250 10 1880300 345100 
250 10 2091800 509600 
250 10 1135000 305300 
300 10 2907100 574500 
300 10 2896900 608800 
300 10 2110300 390700 
300 10 2770400 377000 
300 10 1543100 357300 
300 10 1706600 380100 
300 10 1551300 366700 
300 10 1596200 421100 
300 10 1658900 378500 
300 10 2256700 488000 
350 10 4052500 780600 
350 10 3602400 720700 
350 10 2529500 441800 
350 10 4048600 440700 
350 10 2423600 437600 
350 10 2194100 482400 
350 10 2442400 465100 
350 10 2169100 472100 
350 10 2247600 466000 
350 10 2140700 462200 
400 10 2799100 567800 
400 10 4510400 967400 
400 10 4889500 1536800 
400 10 5074000 735700 
400 10 4792400 747800 
400 10 4631400 444200 
400 10 3180800 435900 
400 10 2962300 671900 
400 10 3051600 453700 
400 10 3472800 797600 
450 10 5107700 734700 
450 10 6091200 525600 
450 10 3557600 536400 
450 10 3644700 634800 
450 10 4001200 897800 
450 10 4348700 949500 
450 10 2175400 1167100 
450 10 1933800 899900 
450 10 1940900 950900 
450 10 1989700 954700 
500 10 2449900 1164800 
500 10 1604800 769900 
500 10 2132200 1046400 
500 10 2395700 1013600 
500 10 1534300 752000 
500 10 1461600 858300 
500 10 1529800 642000 
500 10 1580700 736200 
500 10 1494700 651800 
500 10 1483000 707200 
550 10 2032700 708100 
550 10 1662100 720800 
550 10 1653600 628100 
550 10 2050100 968600 
550 10 2429000 672200 
550 10 1696400 697000 
550 10 748600 797900 
550 10 725700 583400 
550 10 841300 576400 
550 10 754300 662700 
600 10 868100 626500 
600 10 968800 675000 
600 10 922500 2924200 
600 10 868800 560900 
600 10 890600 688300 
600 10 975900 625600 
600 10 944500 638300 
600 10 905100 661100 
600 10 885700 517500 
600 10 885800 519400 
650 10 1016600 789500 
650 10 1044100 581200 
650 10 1162600 666700 
650 10 1038000 400000 
650 10 1127300 608000 
650 10 1266000 571000 
650 10 1220900 612200 
650 10 1233000 568700 
650 10 1274900 593000 
650 10 1305300 566900 
700 10 1584900 714100 
700 10 1437700 703400 
700 10 1513900 695800 
700 10 1465800 663000 
700 10 1528600 677300 
700 10 1629700 698000 
700 10 1479100 678300 
700 10 1404500 678500 
700 10 1567900 666100 
700 10 1737300 687800 
750 10 1682800 759500 
750 10 1605700 746000 
750 10 1732100 744100 
750 10 1638600 733700 
750 10 1751500 721700 
750 10 1756600 745400 
750 10 1596400 738900 
750 10 1543600 749700 
750 10 1693200 723100 
750 10 1692900 740400 
800 10 1783400 762000 
800 10 1945100 498300 
800 10 2229300 508700 
800 10 2442400 503500 
800 10 2485400 550400 
800 10 2459800 511300 
800 10 2470300 517100 
800 10 2486300 655400 
800 10 2431900 501800 
800 10 2495400 486000 
850 10 3016900 600100 
850 10 2140600 632700 
850 10 2046500 716000 
850 10 2574400 581900 
850 10 2246800 584800 
850 10 1816800 640600 
850 10 1992800 582300 
850 10 2193300 601000 
850 10 2219700 727000 
850 10 2639100 606100 
900 10 2449000 1005000 
900 10 2143600 685100 
900 10 2093700 667000 
900 10 2257500 694600 
900 10 2642300 763500 
900 10 2129400 648300 
900 10 2089400 636300 
900 10 1984700 740200 
900 10 2597400 1040000 
900 10 2753500 1312600 
950 10 2613600 1107700 
950 10 2761000 763600 
950 10 2542100 757100 
950 10 2563700 742500 
950 10 2804100 773400 
950 10 2786400 961900 
950 10 2405600 701600 
950 10 4461900 1179200 
950 10 2622400 704900 
950 10 3744800 718500 
1000 10 2755900 787900 
1000 10 2626700 750700 
1000 10 2710200 743500 
1000 10 2675400 775500 
1000 10 3171800 857300 
1000 10 2790700 810700 
1000 10 3024000 930200 
1000 10 3345900 1002900 
1000 10 3172000 1250600 
1000 10 3038500 824500 
1050 10 3318300 918500 
1050 10 3393300 941000 
1050 10 3332200 1006500 
1050 10 3137100 917900 
1050 10 3132300 955900 
1050 10 3335800 930300 
1050 10 3413700 966500 
1050 10 4240500 875100 
1050 10 3064100 844100 
1050 10 2862700 797400 
1100 10 3853500 1358300 
1100 10 3806900 1055900 
1100 10 3323100 905500 
1100 10 4019000 1127300 
1100 10 3709500 927500 
1100 10 3354500 1020000 
1100 10 3515800 1448100 
1100 10 4147300 939800 
1100 10 3324800 1005100 
1100 10 3249000 909100 
1150 10 3702000 986500 
1150 10 3810400 1129000 
1150 10 4031200 1046600 
1150 10 3959100 1009900 
1150 10 4339900 1426300 
1150 10 4030300 1303000 
1150 10 4225800 1264900 
1150 10 3660600 1083700 
1150 10 3928200 1246900 
1150 10 3910700 1152500 
1200 10 4056200 1103600 
1200 10 4103800 1076800 
1200 10 4085700 1038300 
1200 10 4303000 1107600 
1200 10 4368800 1019500 
1200 10 5021600 1093200 
1200 10 4008900 1021800 
1200 10 3954700 1055000 
1200 10 4040400 1049000 
1200 10 4480300 1136900 
1250 10 4287800 1213900 
1250 10 3758600 1057100 
1250 10 3981900 1062000 
1250 10 4338800 1065700 
1250 10 4006000 1072300 
1250 10 3848400 1074100 
1250 10 3897700 1070200 
1250 10 4416100 1173500 
1250 10 3958500 1078900 
1250 10 4498900 1202900 
1300 10 4044400 1150900 
1300 10 4300400 1146700 
1300 10 4799700 1138400 
1300 10 4238600 1160400 
1300 10 4233400 1138800 
1300 10 4197500 1164800 
1300 10 4137100 1134300 
1300 10 4362000 1180500 
1300 10 4066900 1247800 
1300 10 4344300 1164000 
1350 10 4662800 1214900 
1350 10 4383100 1330100 
1350 10 4601000 1208500 
1350 10 4310200 1217200 
1350 10 4319400 1364600 
1350 10 4417900 1263600 
1350 10 4563400 1300400 
1350 10 4784300 1231100 
1350 10 4489700 1232700 
1350 10 4668500 1442700 
1400 10 5213400 1310800 
1400 10 5085800 1423000 
1400 10 4656800 1313700 
1400 10 5055400 1300100 
1400 10 5730600 1302400 
1400 10 5097600 1336400 
1400 10 4977700 1312100 
1400 10 4870700 1298200 
1400 10 5555700 1305000 
1400 10 4942500 1399600 
1450 10 5364600 1412800 
1450 10 5677200 1435100 
1450 10 5543700 1431600 
1450 10 6183600 1484600 
1450 10 6465100 1481000 
1450 10 5591100 1432600 
1450 10 5296400 1380600 
1450 10 5447800 1387000 
1450 10 5665000 1420300 
1450 10 5780400 1402100 
1500 10 5400500 1460500 
1500 10 5698900 1480500 
1500 10 5885000 1474100 
1500 10 5622300 1462400 
1500 10 5668900 1477400 
1500 10 5806700 1488800 
1500 10 6058200 1941700 
1500 10 6032900 1472900 
1500 10 5657300 1640600 
1500 10 6017300 1551100 
1550 10 6782100 1613600 
1550 10 6521300 1569700 
1550 10 6223400 1591300 
1550 10 6211900 1581900 
1550 10 6333300 1560200 
1550 10 6747800 1818100 
1550 10 6345800 1585100 
1550 10 6432400 1588600 
1550 10 6443400 1580200 
1550 10 6326900 1566000 
1600 10 7123300 1674200 
1600 10 6940200 1645600 
1600 10 8351600 1636500 
1600 10 6238200 1632100 
1600 10 6681200 1617600 
1600 10 6535800 1627700 
1600 10 7717900 1642200 
1600 10 6749000 1616900 
1600 10 10147800 1724900 
1600 10 7846300 1786500 
1650 10 7826200 1826700 
1650 10 8706100 1732600 
1650 10 7197700 1729200 
1650 10 8242300 1723500 
1650 10 8723300 1731300 
1650 10 8443600 1743300 
1650 10 8388700 1723400 
1650 10 8049000 1716600 
1650 10 7153800 1724300 
1650 10 8992600 1701500 
1700 10 9133400 1984400 
1700 10 8153700 1815800 
1700 10 8502100 1826100 
1700 10 8867700 1815100 
1700 10 8728800 1823800 
1700 10 8669400 1827600 
1700 10 9358400 1810600 
1700 10 7645800 1830800 
1700 10 7802800 1829900 
1700 10 7410700 1815500 
1750 10 9149600 1959000 
1750 10 8376600 1929900 
1750 10 9689200 1890500 
1750 10 9049800 1924800 
1750 10 9973000 1932900 
1750 10 8772300 1964700 
1750 10 11140300 1915200 
1750 10 8088800 2179300 
1750 10 8373000 2072300 
1750 10 10459600 2544600 
1800 10 10063900 2710700 
1800 10 10451700 3000100 
1800 10 11191400 3883300 
1800 10 10298900 2267000 
1800 10 10554600 2240800 
1800 10 9537900 2374200 
1800 10 10142900 2298500 
1800 10 11112200 2312100 
1800 10 10251900 2166800 
1800 10 8792800 2048400 
1850 10 9269600 2112300 
1850 10 9447100 2117500 
1850 10 9473800 2124600 
1850 10 10569200 2835900 
1850 10 10473600 2163400 
1850 10 10448600 2119500 
1850 10 9492300 2136400 
1850 10 8776300 2099600 
1850 10 10288100 2158200 
1850 10 9589800 2147000 
1900 10 11683900 2284500 
1900 10 10313400 2238900 
1900 10 13640400 2259800 
1900 10 10455800 2665200 
1900 10 9886600 2226600 
1900 10 9527100 2440300 
1900 10 9985100 2259800 
1900 10 11183700 2243800 
1900 10 10928000 2321800 
1900 10 9548900 2648600 
1950 10 9791800 2387000 
1950 10 10239500 2354500 
1950 10 10975900 2390400 
1950 10 11879200 2388300 
1950 10 10564200 2330900 
1950 10 9515300 2413500 
1950 10 9860500 2412900 
1950 10 10198200 2459800 
1950 10 11582100 2359200 
1950 10 10246700 2449900 
2000 10 10865600 2517200 
2000 10 11410800 2606800 
2000 10 10763800 2632900 
2000 10 10592700 2534500 
2000 10 11619500 2769000 
2000 10 10695600 2460500 
2000 10 10961200 2468600 
2000 10 10096700 2511900 
2000 10 11225700 2542100 
2000 10 11287900 2567300 
2050 10 11692200 2568800 
2050 10 11816300 2582500 
2050 10 11897000 2589100 
2050 10 11957400 2665100 
2050 10 14612800 2621100 
2050 10 15705900 2613700 
2050 10 12004000 2633500 
2050 10 11449000 2684800 
2050 10 11504300 2688700 
2050 10 11976700 2720700 
2100 10 12932500 2704800 
2100 10 13326400 2702500 
2100 10 12962200 2718900 
2100 10 12200000 2702300 
2100 10 12914100 2715000 
2100 10 13111100 2921900 
2100 10 13373300 2722100 
2100 10 13195600 2769200 
2100 10 12683600 2771800 
2100 10 12989900 2722900 
2150 10 13689600 2855200 
2150 10 13683500 2819900 
2150 10 14765200 2846700 
2150 10 14258500 2825000 
2150 10 14498100 2837700 
2150 10 14302500 3306600 
2150 10 16533700 4584500 
2150 10 16635700 2971700 
2150 10 14046900 2846900 
2150 10 14355300 2842300 
2200 10 15393900 2974100 
2200 10 14394400 2981200 
2200 10 14928400 3150700 
2200 10 16116600 3129200 
2200 10 17815800 2950000 
2200 10 15118800 2964700 
2200 10 15276600 3043900 
2200 10 16301500 3190000 
2200 10 15459400 3229100 
2200 10 15340000 3099100 
2250 10 15995200 3145900 
2250 10 16238500 3255800 
2250 10 16001400 3158200 
2250 10 15981500 3270100 
2250 10 16135800 3180100 
2250 10 16416700 3125600 
2250 10 17163500 3186700 
2250 10 15712000 3936800 
2250 10 17076500 3298400 
2250 10 15684800 3138500 
2300 10 16788100 3295300 
2300 10 17614100 3265600 
2300 10 17643300 3278000 
2300 10 17698900 3472700 
2300 10 17713700 3298600 
2300 10 17238900 3267600 
2300 10 17839700 4150400 
2300 10 17136300 3293000 
2300 10 17379900 3256300 
2300 10 17547100 3452900 
2350 10 18863300 3575600 
2350 10 18621500 3431000 
2350 10 19342400 3432300 
2350 10 18867400 3405700 
2350 10 19066700 3429600 
2350 10 18901000 3419500 
2350 10 19243200 3414000 
2350 10 18865000 3648700 
2350 10 18708100 3423200 
2350 10 18996300 3548100 
2400 10 21232600 3591600 
2400 10 20319400 3777000 
2400 10 20134400 4339000 
2400 10 20100400 3531200 
2400 10 19860100 3629900 
2400 10 19312200 3643800 
2400 10 18915300 3587900 
2400 10 19981800 3606700 
2400 10 19544600 3732200 
2400 10 19893000 3603600 
2450 10 21817700 3689200 
2450 10 21097600 3702000 
2450 10 22025700 3699300 
2450 10 21122700 3801200 
2450 10 22994400 3800400 
2450 10 20017200 3701800 
2450 10 20968400 3853900 
2450 10 21738500 3740100 
2450 10 21313200 4039200 
2450 10 21010900 4458500 
2500 10 22951800 3874600 
2500 10 23063100 3895500 
2500 10 23070100 3872800 
2500 10 23356700 3824500 
2500 10 22044900 3951100 
2500 10 23385000 3856600 
2500 10 21893000 4007300 
2500 10 22228400 4170400 
2500 10 22713800 4058000 
2500 10 21859800 3932200 
2550 10 23596700 4120800 
2550 10 22981800 4029200 
2550 10 25233800 4200200 
2550 10 22840400 3995600 
2550 10 23818900 4157000 
2550 10 23710600 4264500 
2550 10 23192700 4079900 
2550 10 23789500 3979000 
2550 10 23830800 4378500 
2550 10 30643700 4247000 
