true
150
10
5
1.000000
1 4.613897 2.964229 0.316071 65,70,142,73,13,37,122,112,
2 7.762475 7.422464 0.302303 28,30,87,88,107,18,15,84,134,82,
3 0.765771 6.565613 0.380368 35,96,16,66,79,117,126,51,75,95,111,131,141,109,32,
4 2.325453 9.808966 0.490156 8,53,68,93,80,91,119,132,20,55,60,118,143,22,34,114,125,
5 6.672166 5.577739 0.489733 12,59,150,29,137,11,27,113,139,87,88,107,50,
6 4.910307 0.634729 0.395169 20,45,125,7,23,52,124,73,78,103,128,37,97,
7 4.262407 9.189573 0.322823 6,20,39,55,118,143,114,125,130,23,41,52,83,124,
8 0.652755 9.601845 0.348321 25,44,86,145,69,19,53,68,93,109,110,33,80,91,119,132,144,4,
9 1.767958 2.669178 0.379176 63,77,17,71,72,104,140,148,34,106,24,62,135,142,
10 9.670695 5.245923 0.293587 102,50,92,99,35,84,96,16,79,89,117,126,
11 7.324485 4.234255 0.307803 36,112,115,149,5,27,113,139,76,138,50,99,
12 5.080006 5.502700 0.487746 116,13,59,64,122,150,29,47,137,27,5,
13 5.186483 3.606133 0.496406 65,70,73,1,37,59,64,122,42,112,115,27,12,
14 5.325979 7.400351 0.349700 56,123,29,47,130,137,41,83,28,87,
15 8.325506 6.863749 0.479541 2,139,30,87,88,107,92,35,84,96,134,82,111,
16 0.834086 4.810982 0.401712 102,99,17,74,104,38,66,79,89,117,126,148,95,94,3,10,
17 0.817940 3.358021 0.381561 31,54,102,9,71,72,74,104,140,146,38,89,148,16,
18 7.861407 8.745676 0.371197 2,30,21,46,108,147,81,100,25,82,86,101,120,
19 0.504048 8.588735 0.337879 25,44,86,75,131,141,8,53,68,109,110,91,
20 3.532907 9.917080 0.301982 4,55,60,118,143,22,45,114,125,52,124,6,7,
21 7.071043 9.060702 0.418228 23,41,28,30,18,46,108,121,147,61,81,97,100,101,
22 2.722056 0.530364 0.347944 93,63,80,119,55,118,34,45,106,114,125,135,124,4,20,
23 5.738450 9.833519 0.393358 6,7,41,52,124,78,108,121,147,61,97,100,21,
24 2.806564 3.590509 0.325573 9,104,38,62,65,70,142,67,94,
25 9.619416 8.309358 0.444441 8,19,18,96,134,44,82,86,145,75,111,141,68,109,110,
26 8.628633 2.648808 0.327816 36,85,149,48,127,31,54,76,102,136,138,146,
27 6.444105 4.282552 0.438300 13,12,59,122,150,36,42,112,115,5,11,113,139,
28 6.127366 7.793574 0.462821 14,29,130,137,41,2,30,87,107,108,147,21,
29 5.861924 6.133253 0.263598 12,59,150,14,47,137,87,5,28,
30 7.227641 7.891509 0.375570 2,28,87,88,107,108,147,82,18,21,15,
31 9.880951 3.204036 0.382961 17,26,54,102,136,99,71,72,74,140,146,89,148,
32 2.423017 6.964209 0.354323 3,51,95,131,129,40,43,56,116,123,39,
33 0.207258 0.479493 0.385936 44,86,120,145,57,69,127,133,93,110,77,80,91,132,144,72,8,
34 2.214730 1.231557 0.381970 9,93,63,77,80,91,119,132,140,22,45,106,114,62,135,4,
35 9.386034 6.323474 0.423873 3,10,92,99,15,84,96,134,79,117,126,111,141,
36 7.416026 3.310046 0.281707 42,85,112,115,149,76,136,138,11,27,26,
37 5.374559 2.262846 0.328881 6,70,73,78,103,128,1,13,58,42,112,
38 1.499287 4.466709 0.305510 17,74,104,16,66,79,89,126,148,94,129,24,
39 3.499810 8.114604 0.251647 32,43,56,123,55,60,118,143,130,83,7,
40 2.810243 6.130413 0.437257 66,51,95,67,105,129,32,43,56,116,64,47,
41 5.508821 8.836874 0.477201 14,130,7,23,52,83,124,108,121,147,97,28,21,
42 6.520447 2.592766 0.463781 13,37,78,128,58,98,36,85,112,115,149,138,27,
43 2.445116 7.810537 0.414870 51,75,95,131,53,68,32,40,56,123,60,118,143,39,
44 9.815475 9.679980 0.322045 33,8,19,25,86,101,120,145,57,69,133,68,109,110,91,144,
45 3.685478 1.256487 0.384574 22,34,106,114,125,62,70,135,124,73,103,20,6,
46 7.676702 9.805433 0.434242 18,21,108,121,147,49,61,81,97,98,100,86,101,120,145,90,133,
47 4.492635 6.567760 0.381297 40,12,105,56,116,123,64,14,29,130,137,83,
48 8.748341 1.621426 0.408933 49,98,85,120,145,57,69,90,127,133,54,136,144,72,26,
49 7.916482 0.886764 0.348607 121,58,61,81,98,100,85,101,120,145,57,90,127,133,46,48,
50 8.185624 4.933646 0.297360 5,11,113,139,88,76,10,92,99,84,
51 1.489887 6.907729 0.386607 96,66,117,126,3,75,95,111,131,141,32,40,43,
52 4.994448 9.410785 0.281487 20,6,55,125,130,7,23,41,83,124,147,97,
53 1.937126 8.650975 0.350546 75,131,8,19,68,93,91,119,60,118,143,43,4,
54 9.709537 2.479825 0.260819 17,48,127,26,31,102,136,144,71,72,74,140,146,
55 3.601020 9.318658 0.254269 22,4,20,39,60,118,143,114,125,83,124,7,52,
56 3.761748 6.997214 0.302599 105,32,40,43,116,123,130,137,83,39,14,47,
57 9.166546 0.834135 0.282255 33,49,86,120,145,48,69,90,127,133,144,44,
58 6.669995 1.475159 0.276803 37,78,128,121,49,61,97,98,100,85,149,42,
59 5.578267 4.581728 0.365115 13,12,64,122,150,112,29,5,27,
60 2.601759 8.668674 0.263068 53,43,131,68,4,20,39,55,118,143,114,
61 7.018597 0.792199 0.331998 23,78,121,147,49,58,81,97,98,100,85,90,21,46,
62 2.982447 2.517548 0.335237 9,34,45,63,106,24,65,70,135,142,73,
63 1.749814 1.825343 0.277279 77,80,132,144,71,72,140,106,135,9,22,34,62,
64 4.096628 5.124395 0.471822 40,13,65,67,105,129,116,12,59,122,150,47,
65 3.765250 3.921709 0.282537 24,62,70,142,67,94,122,1,13,64,
66 1.758367 5.250552 0.376744 104,16,38,79,117,126,148,95,67,94,105,129,3,51,40,
67 3.063774 4.768112 0.257853 66,24,65,94,105,129,116,40,64,
68 1.172258 8.946209 0.344823 75,131,8,19,53,93,109,110,80,91,119,43,4,60,25,44,
69 9.785766 0.580522 0.319381 33,8,86,120,145,48,57,90,127,133,77,91,132,144,72,44,
70 3.775651 2.800427 0.377405 45,106,24,62,65,135,142,73,1,13,37,
71 0.709653 2.673587 0.263715 63,77,144,9,17,72,74,104,140,146,148,31,54,
72 0.366517 2.072345 0.422433 33,63,127,77,132,144,9,17,71,74,140,146,48,69,31,54,
73 4.296538 1.916139 0.482456 45,62,70,106,125,142,6,103,128,1,13,37,
74 0.112232 3.695473 0.282048 102,136,99,17,71,72,146,79,89,148,16,38,31,54,
75 0.809894 7.659575 0.274664 96,3,51,111,131,141,109,110,19,53,68,43,25,
76 8.318648 3.980552 0.307170 36,11,113,139,26,102,136,138,99,50,
77 1.161609 1.519972 0.372150 93,33,63,80,91,119,132,144,140,135,9,71,72,34,69,
78 5.939663 1.018838 0.267422 6,103,128,121,97,98,100,37,23,58,61,42,
79 0.131790 5.161217 0.296379 74,102,92,99,16,38,66,89,117,126,148,3,10,35,
80 1.496882 0.502217 0.252050 93,33,63,77,91,119,132,144,8,68,22,34,4,
81 7.742050 0.014399 0.298755 121,147,49,61,98,100,101,120,145,90,133,18,21,46,
82 8.693798 8.100421 0.417045 2,30,18,15,96,134,25,86,101,141,109,110,
83 4.280517 8.118772 0.319883 56,39,55,14,47,123,143,130,7,41,52,
84 8.414662 6.100080 0.256181 2,10,50,139,88,107,92,99,15,35,134,
85 7.751797 2.258738 0.383383 49,58,61,98,36,42,115,149,136,138,48,26,
86 9.201804 9.342139 0.296495 33,8,19,18,46,57,69,25,44,82,101,120,145,90,133,109,110,
87 6.553868 6.955590 0.370562 14,29,5,137,2,28,30,88,107,15,
88 7.617435 6.316855 0.320738 5,113,139,2,30,87,107,92,50,15,84,
89 0.079868 4.567043 0.289720 17,74,102,99,146,16,38,79,117,126,148,31,10,
90 8.468691 0.587159 0.255373 49,61,81,46,98,101,120,145,48,57,69,127,133,86,
91 0.975805 0.039011 0.341891 93,110,33,77,80,119,132,144,8,19,53,68,34,4,69,44,
92 8.840488 5.705926 0.306261 79,88,139,10,50,99,96,117,15,35,84,
93 1.462360 9.982634 0.325383 33,77,80,91,8,53,68,119,132,144,118,22,34,4,
94 2.368006 4.437561 0.282526 16,38,66,24,65,104,148,67,105,129,
95 1.779294 6.155647 0.383729 16,66,117,126,3,51,131,105,129,32,40,43,
96 9.962009 6.884275 0.377097 3,51,75,10,92,15,35,134,117,126,111,141,109,25,82,
97 6.086261 0.366818 0.336558 6,78,23,41,52,103,128,121,147,58,61,100,21,46,
98 7.428466 1.467562 0.340830 78,49,58,61,81,100,149,42,85,46,48,90,
99 9.004445 4.708136 0.444540 74,16,79,89,11,31,76,139,102,136,10,50,92,117,35,84,
100 6.877827 0.129994 0.336511 78,23,108,121,147,49,58,61,81,97,98,101,18,21,46,
101 8.323127 9.497383 0.261587 49,81,100,18,21,46,90,44,82,86,120,145,133,
102 9.667491 3.916770 0.347961 17,74,16,79,89,26,31,54,76,136,146,148,10,99,
103 4.992015 1.366120 0.294748 45,125,124,6,73,78,128,37,97,
104 1.825670 3.668569 0.283781 9,17,71,148,142,16,38,66,24,94,
105 3.290733 5.572061 0.266057 66,95,67,94,129,116,40,56,64,47,
106 2.966914 1.590070 0.315068 63,9,22,34,45,114,125,135,142,62,70,73,
107 7.321635 6.972046 0.324182 5,139,2,28,30,87,88,15,84,
108 6.471710 8.678497 0.288659 23,41,100,28,30,18,21,46,121,147,
109 0.053701 8.085800 0.312651 3,75,134,111,131,141,8,19,68,110,96,25,44,82,86,
110 0.017589 8.936604 0.254447 33,91,75,145,141,8,19,68,109,25,44,82,86,
111 0.053054 6.801379 0.264279 134,117,126,3,51,75,141,109,15,35,96,25,
112 6.058769 3.638343 0.284977 1,13,37,59,122,36,42,115,149,11,27,
113 7.190279 4.916798 0.277558 150,5,11,27,139,88,76,50,
114 3.247909 0.011956 0.375132 119,118,143,22,34,45,106,125,124,4,20,55,60,7,
115 6.784056 3.371767 0.261775 13,36,42,85,112,149,138,11,27,
116 3.622538 6.092480 0.341953 67,105,129,32,40,56,123,12,64,47,
117 0.130144 5.981661 0.417149 134,16,66,79,89,126,141,3,51,95,111,10,92,99,35,96,
118 2.846002 9.203465 0.278839 53,93,22,114,43,119,4,20,39,55,60,143,125,124,7,
119 1.932222 0.212041 0.268958 77,80,91,132,8,53,68,93,22,34,114,4,118,
120 8.632339 9.982600 0.277388 33,49,81,18,46,48,57,69,90,44,86,101,145,133,
121 6.721568 9.986690 0.265392 78,23,41,49,58,61,81,97,100,21,46,108,147,
122 4.730510 4.455312 0.427448 65,1,13,12,59,64,150,112,27,
123 3.810227 7.594830 0.263695 32,43,56,116,143,130,39,14,47,83,
124 4.361281 9.941532 0.434836 22,45,114,20,55,118,6,103,143,125,7,23,41,52,
125 3.987365 0.364172 0.374051 22,45,106,114,4,20,55,118,6,73,103,7,52,124,
126 0.918107 5.778424 0.300930 16,38,66,79,89,117,3,51,95,111,10,35,96,
127 9.445358 1.404500 0.290805 33,72,49,145,48,57,69,90,133,144,26,54,
128 5.559801 1.613048 0.260447 6,73,78,103,37,58,97,42,
129 2.617577 5.315485 0.358918 38,66,95,67,94,105,32,40,116,64,
130 4.969481 7.959390 0.253489 56,123,39,14,47,137,7,41,52,83,28,
131 1.651724 7.670950 0.370508 3,51,75,95,141,19,53,68,109,32,43,60,
132 0.997687 0.857828 0.256720 33,63,77,80,91,119,144,140,72,8,93,34,4,69,
133 8.947536 0.038914 0.271108 33,49,81,46,145,48,57,69,90,127,44,86,101,120,
134 9.124714 7.439839 0.357726 117,111,109,2,15,35,84,96,141,25,82,
135 2.509118 2.004958 0.280179 63,77,9,22,34,45,106,140,62,70,142,
136 8.834013 3.338387 0.367203 74,36,85,48,26,31,54,76,102,138,146,99,
137 5.276258 6.591384 0.330668 56,12,150,14,29,47,130,5,28,87,
138 8.000263 3.127476 0.268128 36,42,85,115,11,149,26,76,136,
139 7.671664 5.515823 0.407680 5,11,27,113,88,107,76,50,92,99,15,84,
140 1.071956 2.252246 0.270712 63,77,132,144,9,17,71,72,146,34,135,31,54,
141 0.067692 7.430777 0.322725 117,3,51,75,111,131,19,109,110,35,96,134,25,82,
142 3.189563 3.086044 0.254056 9,104,106,24,62,65,70,135,73,1,
143 3.535279 8.748010 0.268837 53,114,43,123,4,20,39,55,60,118,7,83,124,
144 0.438716 1.207858 0.356815 33,63,77,80,91,132,71,72,140,8,93,48,57,69,127,54,44,
145 9.212349 9.994486 0.296610 33,8,110,49,81,46,48,57,69,90,127,133,25,44,86,101,120,
146 0.008720 3.089018 0.280259 17,71,72,74,140,148,89,26,31,54,102,136,
147 6.343136 9.340716 0.326638 23,41,52,61,81,97,100,28,30,18,21,46,108,121,
148 0.992699 4.043531 0.273454 9,17,71,74,104,146,16,38,66,79,89,94,31,102,
149 7.264011 2.766391 0.269824 58,98,36,42,85,112,115,11,26,138,
150 5.850440 5.283298 0.298626 12,59,64,122,29,137,5,27,113,